SERPINB6
TADA2L
PCGF2
HDGFRP3
PARP3
NRP2
HDLBP
RPS9
TSEN34
TFPT
CLN5
CES2
ELOF1
PSMA2
TCEB3
SLC22A18
hCG_1999928
BAT3
MSH5
ATP11C
ENAH
MCPH1
NOSIP
CSRP2BP
IGLV3-25
EPPK1
PECAM1
MRPS21
BAHCC1
PDE4DIP
NBPF10
PEX12
SYNM
ZNF100
BCL2L12
ZNF43
TXNRD1
ZNF628
CPB2
ZNF221
GPX4
DCAF13
C12orf45
HMOX2
HAND2
SLC1A3
COL1A2
GNAO1
PTPDC1
CYP2A6
GIMAP1-GIMAP5
SDK1
GPX2
POLR3G
NBL1
GBA3
ZNF714
MAGT1
CTNNBL1
ZNF787
GAGE4
FGF2
ERCC5
PLK2
RYK
HNRNPDL
DAK
PSMB3
SYNJ2BP-COX16
ZNF446
GPX1
MYC
IGHD
ZFP36L2

ARL15
NOTCH2
IGHG1
SELT
LENG9
ARNT2
CHD1
ITSN2
RASIP1
ZNF700
TMC4
CLTC
AOAH
BCL9
RAPGEFL1
DIO1
MLLT6
EPT1
PSMD1
ARHGAP21
IGHV3-72
TBX3
SYN2
TNXB
TAGLN3
SELM
SLC4A1AP
RPL17
GLTSCR1
C10orf11
CACNA1C
IQSEC1
C19orf68
PRODH
RBM15
RSBN1
C7orf49
JPH4
NRN1
TSPAN10
CTDSP2
BCL10
KLF16
RIN3
PRDM11
SEPW1
IQCE
PEG10
KIF3C
RPGRIP1L
ZNF714
SLC16A6
NDUFA10
SLC9A7
MSRB1
RAB44
PEG10
GPR155
ABCA2
POLQ
IGHG3
RPL17
MTSS1L
STARD10
ZNF33B
ZNF761
THSD7A
ZIC2
NEK3
PCSK6
JAGN1
SLC6A6
TMEM106C
ZNF302
FAM21A
APOOL
MAPK8IP3
KCNN3
WNK3
SEZ6L2
TTC25
SRRD
IGLL5
SYNJ2BP-COX16
SAMD11
ZNF852
CGA
SETDB2
RAVER1
UPF3A

ANK3
FAM69A
TMEM120A
TYW1B
HNF1B
HMGN3
ZNF689
IDH3B
DACH1
KCNH7
ZNF343
CADM1
METTL7B
COL4A6
ABO
KIF3A
NEK3
CAPRIN1
SNAP47
CAPN5
CTSH
RIBC2
MAML2
TSC22D1
RBM26
COPE
ASPH
COL15A1
TJP1
SLC4A1AP
FAM13C
CHL1
NOL4L
SELO
KDM6A
GLMP
ACOT2
NOMO1
UNC5C
SSBP2
SRCIN1
FAM49B
BIN2
SEC22B
Sep-15
ARMC9
C16orf72
GPX3
NEB
SOCS7
HUWE1
ACAN
EPPK1
TUBGCP5
PSME2
KIAA1524
HOXD9
SGSM1
ZNF615
KIAA1033
IFIT2
MRPL45
ZSCAN26
HECTD1
PSMC6
ZNF268
NCOR1
KIAA0825
WDR20
PRUNE2
DOCK1
ATRX
ATRX
ZNF638
SCARF2
AAK1
GPS1
AAK1
HMCN2
TRIM39-RPP21
ATRX
CD99
LINC00493
FAM21C
SAA2-SAA4
ATRX
ZNF638
C21orf33
ZNF638
ZNF180
MAP4K5
PHF20L1
CLASRP
WDR83OS
RBP1
SCLY
GALC
GPR161
MBNL1
PPM1K
PTPN9
ZNF33A
MYEF2
CYP4F12
FADS1
RBM10
MPPE1
EPB41L3
MADD
TCF3
KCNQ5
AKAP9
TEAD4
APP
C11orf80
KCNIP3
CDKN2A
GPALPP1
SNX6
ARV1
F5
MTX1
MYO6
ANKRD2
SMARCA1
SAMD8
TAF8
L3MBTL1
FSD1L
USP48
NFKBIL1
MPP2
RRBP1
RGL3
LILRB4
PGBD5
SFXN3
SLC10A3
CAMK2G
MYD88
PGAP2
NCKAP5
EIF4G3
TAF4B
ADCY3
SVEP1
PLEKHB2
BTBD19
WIPF3
CHD1L
PHC2
RASA2
GPSM1
ASPH
NELFE
ATP2C2
WWC3
SLAIN1
TAPBP
IQCA1
ZNF623
PTPRC
MARK3
LIPA
SLC45A1
IVD
WDR36
PRIMPOL
RNF213
STAU2
STAU2
LAMA4
BTAF1
SH2B2
ROR1
ZNF211
HNF1A
SKP2
FAM65A
PCDHB10
RGMA
IGKV2D-28
RNF213
TTN
TNN
CLEC11A
IREB2
ASB3
C15orf38-AP3S2
STON1-GTF2A1L
CBWD5
LOC93432
MACF1
LUC7L2
SOX7
CORO7-PAM16
C10orf32-ASMT
IGHV3-73
PPAN-P2RY11
NAA15
POLR2J3
NMU
FIP1L1
RPL30
C11orf98
B9D1
TMTC2
IFI27L2

TRPV1
PPIAL4C
C21orf33

ORAI1
PIGBOS1
SIK1
ZNF107
LRRC41
FCHO1
CYP51A1
GSTZ1
TM9SF4
ZCCHC11
MFN1
MGLL
TCTN3
CRTAC1
TMEM67
ZBTB34
ZSCAN2
JADE2
DFNB31
SOD2
FBXL15
EMILIN1
SELPLG
STX1A
ARSA
DNMT3A
ZNF780A
ZNF34
PVR
HEPH
SYBU
DDX46
NME6
KLHL13
ABLIM3
CAST
PPA2
PLA2G12A
NUMBL
CHURC1
LYRM5
PITPNC1
FAM220A
KIF18B
ZSCAN5A
ZNF556
NDUFA6
DDOST
GOLGA2
BCAS4
ACD
LAMTOR5
RBP4
NDFIP2
TTC8
POLR2A
LTBP4
EPB41L1
IGKV6-21
TBXAS1
DNAAF3
KRBA1
C6orf203
FAM120B
FAP
RUNX2
RANBP10
GLIS1
MAP4K4

NBEA
PKP4
ADH4
DNM1
UBAP2
CABYR
EPB41L1
CFH
PHF6
SPTAN1
CDKN1C
ZFP41
HLA-F
DIAPH1
GPANK1

TCF19
RPP21
ABHD16A

TRIM31

IFNGR2
IQSEC3
ZNF66
HLA-DRA
CDHR5
OCLN
MUC6
EPHB6
NAIP

KANSL1
BDP1
SLC12A7
SCRIB

SCRIB
RAD17
GAL3ST2
ZNF707
MARVELD2




MYO15B
BNIP3
PHRF1
FRMD4B
AIM1
PON2
CELF2

NHSL2
DAAM2
GAS2L1
KANSL1L
SLC12A8
RBM47
TTC26
TSNARE1
TMEM129
E2F8
UBA6

MED19
UHRF1BP1L
KIAA1598
TMEM223
DAPL1
GXYLT2
TMEM120B
TMEM72
ARHGAP10
ANO9
SLC22A23
CCDC64B
ARHGEF37
FAM168B
MEX3A
ILVBL
C1orf226
C17orf89
PLEKHG3
ELOVL7
SSC5D
SH3PXD2B
FAM92A1
MACROD2
ZC3H12D
ALG6
PRNP
FRMD3
UBAP2
BAI2
RPS6
CEP350
EHMT2
HLA-C
CXorf23
ZNF320
NBAS
TARSL2
SMCO3
HYKK
KIAA1467
C17orf104
CCDC66
TYW5
SRGAP2
FUOM
KIAA0922
VWA8
VWA8
SBNO1
ISPD
FAM221A
FAM221A
GTPBP10
WDR91
RAB19
LCHN
MBLAC1
CTAGE15
GRID2IP
MTMR11
SH3D21
POTEF
VPS37C
TMEM189
TRAPPC13
TRAPPC13
CNOT1
CNOT1
BDP1
CCDC88B
EYA1
FOXO6
MAP1LC3B
C2orf72
FAM83G
ASPDH
HAUS7
PALM3
GAGE12H
PGP
GOLGA6B
C5orf51
SLC39A4
RCCD1
SOWAHB
HCFC1
POM121B
BPNT1
TRABD2B
ZNF316
TCAF2
Sep-08
TMEM194B
SDHAF1
NOX1
DYNLT3
IGLON5
OBSCN
MROH6
YIF1A
ZMYM3
CAPN8
TUBAL3
FBLL1
C17orf96
SMCHD1
HMX3
GATSL2
ARHGAP42
CCDC69
UNC119B
METTL15
SOWAHD
LIPT2
CCDC85C
ARID3C
RTL1
CNIH4
PTBP1

SIGLEC16
CD81
POLA1
ANXA2P2
COL6A6
Mar-11
CD9
C15orf61
USP27X

CGN
PIP5K1A
BTBD11
ANKRD36
IGFBP3
FAM127A
NRXN1
ZSWIM8
ARHGAP32
DISP2
TBKBP1
SOBP
POM121C
ZBTB8OS
ZNF839
PLEKHA2
HSPA8
EFCAB7
MANF
SFI1
ZNF785
ERI2
DDX11L8
YDJC
MLLT4
CYSRT1
RAPGEF5
ZNF850
NEURL1B
CEP78
TMEM110-MUSTN1
STRA13
CEBPZOS
ZNF724P
BBIP1
SPATA6
C17orf100
RARA
VGLL3
TSPAN4
FAM171A2
GRAP
PHF20L1
KIAA1324L
KRBA2
CEP19
MATR3
PTTG1IP
NUDT19
RAB34
PDS5B
MIF4GD
RNF185
AHRR
SRRM1
ZNF2
NAA50
MYO1G
CSNK1E
TTC28
TFEB
APOC3
HACD1
VIM
TSPO
PRR5-ARHGAP8
CYB5R3
FHAD1
MAD2L2
MBNL3
NRD1
TSPAN2
ATP1A2
PEA15
POSTN
TMEM9
ADGRL2
PALM2-AKAP2
CD58
EIF4G3
CD55
PSEN2
EXOC6
PPFIA4
ELAVL4
USF1
DEDD
YIPF6
CLK2
RPS6KA3
ADAMTSL2
HIST1H2BC
HEMK2
LOC93622
TRIM6-TRIM34
MYO9A
SMIM1
PDLIM2
PSME3
METTL8
MFAP5
ZDHHC23
PITPNB
STK33
PABPN1
SMARCE1
CTNNB1
MSI2
MARK1
VWA9
TTYH2
TMEM104
CHURC1-FNTB
USF2

C1R
MTERF1
FAM222B
PEG10
PRKD2
SIVA1
CCDC28A
RCBTB2
EFNA3
NR1H3
HNRNPC
ILF2
PARPBP
DFFB
PLXDC1
DERL1
CFB
ATP2C1
ARL16
CHCHD10
LBH
RPA3
FRMD5
EPCAM
R3HDM2
TSPAN9
MUC16
TCF7
EML3
CAPN10
GATSL3
RIC8B
PPIP5K1
ppm1m
FBXO44
WRB
YWHAZ
SGCE
TSPAN5
BTRC
hCG_2040265
PODNL1
TPCN1
PXYLP1
TCEA1
CCBL1
ZNF747
SYNCRIP
DDX27
ZNF346
TMEM161B
TMEM106A
RANBP3
NADK2
SLMAP
NAP1L1
PMS1
GPR89A
ALAD
GOLGA2
SH3GLB2
EPHA5
ITIH4
SCARB1
COX18
STK19
SEZ6L
SMARCA1
CPEB4
PCDH9
SRGAP2
MTHFD1L
CDC2L1
CBX3
EIF4E2
HSPE1
GCC2
SAMD12
EVA1A
FAM126A
FBXO36
PTMA
NAB1
SLC35F5
COQ10B
IMP4
SMARCD2
ZNF507
SPEG
DNPEP
RASGRP4
DPF1
CADPS2
NT5C3B
ARHGAP17
CUTA
C9orf172
CCDC126
TUBA8
ORAI2
UBE2E1
CCNE1
IKBKG
IQCJ-SCHIP1
MOSPD3
IMMT
NCAPH
MKRN2
PXDN
NOS1
YBX1
IGF1R
ZC3HAV1
DIAPH2
HHLA2
UMAD1
PLEKHG2
C21orf59
HDAC10
SPEG
ALDOC
TBL1XR1
SORBS2
B4GALT4
ATP1B3
RBBP7
IGSF11
SIDT2
TBL1XR1
TRAK1
DRAP1
HSPD1
TUBA4A
TUBA4A
ADCK2
CALD1
CACNA2D2
PLCD4
AAMP
YIPF1
BAG3
EWSR1
PRRT4
RNASE11
TMEM238
APEH
RBMS3
SMC4
VPS8
TUBA4A
STK25
STARD3NL
TMPRSS2
HSPD1
HSPD1
OXNAD1
C11orf95
POLR2H
IDH1
FAM195B
PPIG
ZNF878
USP4
NCOR2
SEC22A
KLHDC10
BCAP31
FUBP1
ANKRD63
SERP1
RNF182
NFIX
IGFBP1
TMEM243
B4GALT4
DUSP11
RPL22L1
TVP23B
NUDT5
ZNF621
EIF3B
NAP1L4
CTNND1
RAPH1
TTC39A
EIF4G2
PPP1R9B
TMEM128
TMEM23
LILRA6
DHRS4L2
TXNRD2
TXNRD2
ABI3BP
GPBP1
ZAK
DEK
DBN1
CLDND1
OCIAD1
DBN1
DOK3
HGFAC
CANX
FAM169A
APBB2
RBP2
PEX10
THAP6
PAQR8
ARHGAP24
ELOVL6
OTULIN
HNRNPD
DEK
SMIM14
PAQR3
CHIC2
ATG10
SEC31A
SEPP1
GNB2L1
CDV3
SDHA
SENP6
ASTE1
COL12A1
MCIDAS
ANKHD1
SLC35B1
CRHBP
RNASET2
SLAIN2
HNRNPH1
C7orf73
RBM26
MMS22L
CLASP2
FBXO16
CCNC
EBF1
PPP2R2A
CEP57L1
TRIQK
SLC36A1
MRPS28
STMN2
DUSP26
UQCRB
NPIPB11
LUZP1
RNF130
NPM1
RPL30
TBCA
RPL30
MTDH
ANXA6
ANXA6
COPS6
PPP1R2
TACC2
PROC
ICA1
RPL15
CAPG
C19orf25
PRRC2C
PTPRM
NDUFV2
TNXB
GOSR2
AP5M1
MECOM
NAA50
ZNF304
HNRNPH1
YIPF3
ACIN1
ITGB1
PRDM15
LTF
MGAM
ACSL6
TNS1
NME1
HECTD2
ZC3H18
RAB34
WDR17
MRPL22
ITGA2
MAP4K4
USP19
AIM1L
ATP7B
PCM1
ADGRL3
CFI
AFF1
SYS1
LAMP3
RBMS1
MRPL3
TCOF1
CALM1
CD36
SLCO2A1
REEP1
ITGB1
G6PD
AGAP1
EIF4G1
SSBP1
MAP2
ARHGEF4
MTA3
ERCC6-PGBD3
PCM1
MAP4
DTNB
KLC1
STAU2
CYFIP2
ANGPT2
ACTB
SPATA18
GOLGA4
CAST
PROB1
CLASP2
SALL2
Sep-10
ADAM23
CEP170
SETD5
CSTF2
Sep-10
EIF4B
YWHAZ
NACA
ALYREF
MAPK8IP1

ILKAP
MARK2

GUCY1B3
GOSR1
TNS3
MIB2
TLL1
SMC4
MYO1B
PIKFYVE
UNKL
ICA1
ANKHD1
BPTF
ZNF738
SLC9B2
STAC
DST
ITGB6
ATP11A
HBD
CUL9
KIAA1107
DENND3
VWA5B2
CCDC18
GTF2IRD1
STXBP5L
PPARG
MAP1A
SLC25A44
RPS6KA1
DNAJB6
NCAPH
MBD5
SSFA2
SP100
EPB41L2
MROH1
VPS52
RCE1
SLC44A3
MTCH2
DDHD2
CREBZF
THY1
AIM1L
DLG2
SF3B2
CYHR1
MKNK1
RPS3
SOGA3
EEF1D
FUZ
HSPA8
BCLAF1
CCDC15
PLEKHA7
PLEC
C11orf96
FOSL1
UBTF
TMEM123
PDE4DIP
NEDD8-MDP1
ADM
RBM4B
PSMC3
NPEPPS
MDK
ELMOD1
EYA4
MACF1
HSPA8
FAU
C11orf70
VPS28
LETM2
PSMC3
BIRC2
LMO7
ZNF720
PUF60
ARFGAP2
NDUFS8
RNASEH2C
HSPA8
ECE1
PARP10
RDX
CD59
ZC3H12C
ZBTB3
TPD52L1
NASP
NASP
PDZD3
PCF11
PUF60
NCAPD3
TUB
PHF1
EEF1D
FAU
LDLRAD3
CTNND1
TXNRD1
EFEMP2
FADS3
SCYL1
IFITM3
IRF7
CAST
MAF1
CHMP4A
CADPS
SEC16A
ST6GALNAC5
RPS6KA2
CSPP1
RPS3
TRRAP
NME4
KCTD10
TMEM258
ROBO3
PIK3C2B
CLUL1
WNK1
KDM4B
AKAP7
ATE1
BPTF
DNAJB11
PTMS
BRI3
DAD1
MED24
SDHAF2
ATP6V0D1
TMC5
PXN
DTL
RAP1B
TPK1
PARD3
COL21A1
SLC3A2
VAMP1
ZNF79

ANAPC5
SOX5
GNB3
TCP1
RRN3
KDM5A
KIAA1211
PIGB
HIVEP1
UBC
PLD4
MEFV
MTHFD1
KIAA1586
CIZ1
SLC39A3
PAAF1
ZIK1
NAP1L1
FXYD5
IL17RC
THBS3
SSH2
MAP3K4
TDG
HEATR5A
SYT7
CAND1
ATL3
SLC8A2
ZNF26
LDHB
TLE3
LRP6
CELF1
MICB
XRCC1
DDX19A
SIMC1
DDX39B
HLA-DMA
SLC25A14
TAB3
DKK3
TDRKH
PIK3R3
PPP3R1
MXI1
PHKG1
RTEL1-TNFRSF6B
SELK
ANKRD35
TNFRSF10A
EIF4B
BTBD6
TMBIM6
METAP2
KRT8
PCBP2
ATXN2
PRR13
ATF1
HNRNPA1
TMTC1
PRPF40B
BAZ2A
CNOT2
PCED1B
KRT8
POC1B-GALNT4
WDR90
SART3
CD63
NAP1L1
NAP1L1
NELL2
AGAP2
TSPAN31
FGD4
SPRYD3
SLC38A1
KANSL2
DCTN2
SMARCC2
GIT2
MYL6
VPS29
RGPD1
TARBP2
LETMD1
RPL6
UNC13A
PCBP2
HSP90B1
OSBPL8
ATXN2
PCBP2
EIF4B
ATP5B
PPHLN1
TROAP
MMP19
DCTN2
NAP1L1
CCDC103
KLC1
ZDHHC3
TBRG1
RIMS2
ROBO2
EML1
ITSN2
UBAP2L
GOLIM4
RPL10
ZFAT
FAM162A
FAM73A
MRE11A
TXNRD1
MYO16
ZNF181
DONSON
VEZT
SLBP
TIA1
ARMCX4
IGF2BP2
ASL
AIMP2
TCFL5
LRMP
PHF20L1
PIK3CD
L3MBTL4
PALLD
DDX31
CCT7
FRMD4A
SUSD1
ACTG2
ICA1L
SAC3D1
ARPC4-TTLL3
LMO7
C3orf17
SH3BP5
ZNF655
FLNA
MMADHC
MORN2
GRIK2
SPACIA2
PMPCB
CCAR2
SDR16C5
GSDMD
OVOL1
API5
TJP1
LOH12CR1
DENND5B
FCF1
MYL6
ACVRL1
PPFIA2
ZC3H14
TTLL5
PRRX1
SERPINA10
ATP5J2-PTCD1
MYO5A
DCAF8
KLC1
BEGAIN
BEGAIN
G2E3
HNRNPC
HNRNPC
GSTZ1
FBLN5
LTBP2
TUBB3
CTAGE5
ACTN1
ZFYVE1
FLVCR2
KLC1
CDK2
SLC26A6
FAM179B
ZNF512
CLCN4
Sep-05
PAPOLA
MST1
TIMM8B
COMP
SBF1
MAGEA11
TMPO
GPR107
USP11
SOS1
TJP1
RPL3
NRXN2
ARMC8
PLA1A
CHPF2
ARAP3
CELF1
CDC27
TDG
MYL6
CNKSR3
GSTT2B
NELFCD
GTPBP6
MPRIP
CEP170
DMD
FAM72D
ABCA3
UBR3
RBM33
FAM214A
TJP1
P4HB
DDX39B
JAZF1
PRRC2B
NCOR1
SIK3
PTPRF
IMPDH2
LARP4B
DOCK9
EPB41L2
FLNA
CIZ1
FLNA
COL12A1
PREP
HUWE1
ARFGAP3
NUP62CL
MRPL43
FARP1
GOLGA2
FNBP1
PLXNB2
FKBP10
STIM2
NNT
RAPGEF2
CTBP1
DNPH1
RAPGEF2
ANK2
TTC37
TXNDC15
SFPQ
PPIP5K2
BOD1L1
CNOT6L
NDUFAF2
PCBD2
SEC31A
KLKB1
PCDH7
GALNT7
RAPGEF2
LARP1
ZC2HC1A
PABPC1
PABPC1
SH2D4A
TACC1
CNGB3
MTDH
TSPAN18
PCM1
NRG1
MTDH
HNRNPH1
LARP1
CD47
ANP32E
SF3B2
NAP1L4
EEF1D
FNTA
TEAD1
MACF1
NLK
EIF4G2
NKAIN1
DLAT
NHSL1
SCRIB
PPP6R3
HOOK3
PLEC
ARFGAP2
LMO7
MUS81
MYCT1
EEF1D
PICALM
ZBTB44
LRP8
TAF2
SF3B2
CCDC90B
SLC3A2
MAN1B1
EIF2B1
PFAS
PPFIBP1
MPDZ
ZMYM5
HNRNPA1

GDF11
KIF21A
HOXA11

PSMA3
STON2
FERMT2
MNAT1
PSMC6
ALKBH1
TMPO
CAMTA1
HECTD1
STRN3
DUT
WDR72
ANXA2
RASGRP1
REC114
ANXA2
PSMA4
ANXA2
C9orf69
ANXA2
TLE3
PBX1
B2M
AP3S2
SHF
DMXL2
TRPM7
TJP1
SRP14
CDC42BPB
PCK2
PSME2
T
C15orf57
ANXA2
PSMA4
CINP
UACA
SPPL2A
SLTM
TYRO3
TCF12
TM2D3
CERS2
DUT
ANKHD1
LSAMP
DDX17
FAM219B
ARPP19
JMJD8
RNPS1
PHLPP2
TMEM208
ITGAX

SYT17

ZNF19
USB1
CMC2
COQ9
TUFM
TMC7
RNF40
FUS
CLN3
MTSS1L
FBXL19
CDAN1
DOK4

MACF1
ZNRF1
ZFYVE19
C15orf65
DCTN5
ZNF469
ZNF106
ATXN2L
C16orf58
KARS
ZNF106
MGA
STX16
FAM192A
SCAMP2
CMTM3
ATXN2L
ALDOA
NUDT21

GCA
SLTM
PPP6R3
ESYT2
ST7
KALRN
NCL
EWSR1
CD55
NFASC
PRAP1
CIT
TPM1
PSTK
P4HB
AP1S2
PDIA3
PPP1R7
BNIP2

NHEJ1
RBM33
DOCK10
CHD3
SF1

ITPRIPL1
RTN4R
COX10
RTN4
ACTN4
CAPN7
ANLN
BAZ2B
ANLN
BBX
ATP13A3
APOO
MORC2
NCKAP5L
TNRC6A
CCDC88A
CD99
ART4
CHD3
PRPF40A
CTDSPL
FARP2
LRRFIP2
TMEM44
ZNF142

GARS
PPAN
TEAD3
PHC3
FXR1
NT5DC2
BRAF
SF1
SND1
NDUFB2
SWI5
MRPS28
GCOM1
NCAM2
SEPN1
TNNT3
TNRC18
TMEM189-UBE2V1
hCG_1984214
RUNX2
RNF167
SMG1
CIC
SHBG
SRRM2
DPH1
ACTG1
TKFC
PAQR4
CLUH
CIC
TMEM219
RPH3AL
CEP131
TFAP4
ZC3H7A
EPN2
HOXB8
PFN1
ATPAF1
TOM1L1

ZNF232
ACTG1
ARHGAP17
NDUFAB1
KDM2A
RBBP8
METRN
NUP88
INTS2
LDLR
PI4KA
RCOR1
NOMO3
BNIP2
TPM3
TBC1D8B
OXA1L
CAMP
NELL1
GPR176
SAAL1
TET3
RGMB
CYB5B
C12orf66
NAALAD2
DNAJC4
Sep-01
GRAMD1B
SEC16A
PHKG2
SEMA4B
ZFP1
ZNF292
CLUAP1
CEP83
MUM1
HCFC1R1
KLHL28
FBRS
ANKRD46
PHACTR2
SIK3
RBM7
HCK
HECTD4
SLC3A2
PSTPIP1
MAP3K9
MRPL42
DNAJB12
ALDOA
TRABD
ANTXR2
TMEM45A
NLGN1
OLA1
TBC1D8
UNC50
CSRNP3
RELN
MTUS2
AGBL1
STRA6
SUMF2
APOL2
PLEKHA8
SYNJ1
TRIB3
ZNF525
TTC12
SPATA33
EIF4A1
CORO6
FBXL20
EIF4A1
RPL23
RPL26
SRSF1
TANC2
EIF4A1
CNDP2
CDK11B
MEP1B
SCRN2
SLC39A11
SNRPD1
TSEN54
EPN2
MRPS7
ICAM2
MICAL3
OAZ1
TANC2
YTHDC1
CNDP2
CDK11B
KIAA0040
UBBP4
ZNF207
YES1
VAMP2
CYB561
TNC
RSL1D1
TMEM138
MAST4
CCDC14
HYPK
BAG1
ZNF236
LMNB2
TMCO1
CXXC4
ARSG
CUL4B
ICOSLG
CLUH
WDR18
OLFM2
ILF3
GMIP
SPC24
ACTN4
CLTC
Sep-09
FAM210A
DAZAP1
STAT5A
EIF3K
THOP1
FOSB
PIK3C3
SMIM24
PALM3
CDC37
CDC37
RPS15
RPL27
PRKCSH
COPS3
KRT17
SEH1L
RAD23A
ZNF607
ACTG1
PGD
UBALD1
WBP2
TLE2
KRT19
RANBP3
MBD1
EIF3G
NARS
RAD23A
CYTH1
ZNF286A
ZNF570
STK11
TMEM161A
CILP2
C19orf12
HKR1
GPI
UNC13D
DAZAP1
P2RX5
LIG3
GMIP
SAFB2
TPM4
MATK

APOC4-APOC2
TMEM256
TPM4
CFD
APOC1
ZNF420
TK1
YIPF2
SAFB2
UBE2O
SBNO2
TUBB6
PSENEN
KRT17
ZNF283
EML2
DCAKD
SPC24
AQP1
RPP14
SLC35A4
ASNSD1
WIZ
DNAJB1
NUMBL
PAFAH1B3
ZNF428
EPS15L1
HSD17B14
ZNF587B
ZFP36
TUBB4A
LIPE

ZNF836
MVB12A
HNRNPM
ARHGEF1
HNRNPM
SAE1
SRRM1
KHSRP
TRIM28
RPL18A
TUBB4A
RPS16
NAPA
MRPL34
ZNF417
HNRNPUL1
FBL
C19orf44

TBC1D17
SHKBP1
SPHK2
RABAC1
CAPN12
KHSRP
DNASE2
AGPS
UBXN8
KIF2A
KIF2A
SGK1
TK2
DDX39A
PDLIM1
ACOT7
ACOT7
MYO1C
MYO1C
MYO1F
SNAP23
HAX1
AIP
GTPBP1
KCNK1
STXBP3
MASP2
AP4M1
ARVCF
SMAP
RAB27B
AP3B1
SULT2B1
RHOD
APBB1
LGALS8
NDUFS8
NFKBIE
GRM8
PSMD11
PSMD12
PSMD9
ATOX1
MEN1
CBX4
PGRMC1
SUPT5H
SUPT5H
TAF4
DFFA
DFFA
RFXAP
HIP1
CLIC1
TNFRSF11B
EIF3F
WWP2
CDC7
ARNTL
PDHX
MATN2
FOXE1
QSOX1
DCTN6
SLC33A1
WASL
PDE2A
FOXN3
IPO5
POLRMT
EEF2K
SAP18
IGF2BP3
DNM1L
DNM1L
DNM1L
RTCA
PIK3C2A
PLK4
SYT5
IFRD1
PIK3R2
GOLIM4
MANBA
TRAF5
AGRN
PLOD2
PLOD2
MEIS1
MEIS1
EXOC5
ELL2
SLC17A3
BTN3A3
HMGN4
BTN3A1
NR5A2
NDUFA4
PSMD14
ZNF593
BIN1
BIN1
BIN1
BIN1
KPNA3
STK25
USP9Y
LAD1
KRIT1
VWA5A
PES1
PES1
EBAG9
SDCBP
SDCBP
PITPNM1
MPHOSPH10
NOP56
DDX3X
PODXL
CYR61
PIR
PEX7
KPNA4
TRIM38
NFIB
E2F3
PPP6C
MAN2B1
FBP2
UBE2C
ACACB
PDXK
SCD
DLGAP1
CLDN4
PPAP2A
PPAP2B
ARID1A
BHLHE40
BAI1
CDK2AP1
SDHD
C2CD2L
TMEM194A
ASTN1
CUX2
TXNDC9
TXNDC9
SOCS3
SOCS6
TRAFD1
COX7A2L
HSPB6
ARHGAP33
NDUFAB1
UBFD1
CYB561D2
DYNC1I1
CIT
COPE
RFXANK
NCAN
TMSB4Y
CDC42EP2
AP3D1
AP3D1
CCS
ZNF195
ZNF195
ABLIM1
ABLIM1
ABLIM1
DVL1
DVL1
DVL2
CHD1
CHD1
CHD2
IRS4
TOR1A
TOR1B
STX16
STX16
STX16
STX16
PRRG1
ADAM10
ABCD4
EI24
ENC1
TP53I11
PTGES
KMT2D
KMT2D
ZNF197
ITGB1BP1
RGPD8
TRDMT1
APAF1
RIOK3
IMPA2
MAP2K7
ACOT8
CDIPT
PDCD5
PRMT5
PRMT5
SLC9A3R1
TERT
CHEK1
TNFRSF10B
MEIS2
ZNF213
FPGT
TPP1
GNB5
TCERG1
NDC80
NRP1
TNPO2
APOL1
HS3ST1
MSTN
UNC13B
POLR3A
MRAS
CPLX1
CAPN9
PSMA7
RASGRF2
SCAMP3
SCAMP3
PPEF1
PHYH
OPLAH
SLC30A4
BACH1
BCKDK
IFIT3
MGST3
GEMIN2
TAX1BP3
GIPC1
LIN7A
PCDH17
IKBKB
RGS12
TIMM23
HAT1
CASK
CASK
CASK
PLD2
EREG
UQCRQ
MYL12B
UQCR11
HGS
AURKA
RAB29
CLGN
DSCR3
PPP1R12A
PPP1R12A
SLC27A2
GAK
AZIN1
ZNF263
HNRNPDL
XPO1
ATP2A1
SYN3
ARHGEF10
ZNF609
ZNF646
PDZD2
SPTBN2
SEC16A
PLXNB2
AREL1
RIMBP2
KHNYN
TECPR2
SEMA3E
U2SURP
U2SURP
SETD1A
N4BP3
TRANK1
KDM6B
PER2
SYNJ2
ZBTB39
SYNM
SYNM
ZBTB5
KIAA0355
KIF3B
PFAS
MCF2L
MCF2L
MCF2L
NACAD
ADAMTS3
DCLK1
DCLK1
CEP290
SNPH
ERC2
ANKRD28
ANKRD28
ARHGEF11
ARHGEF11
ZNF536
KIAA0391
CHUK
LSM1
FYB
NPC1
AGPAT2
DEGS1
SCAMP1
SCAMP2
KPNA5
ARPC1B
ARPC2
ARPC3
MDM4
BET1
ZBTB7B
POLR1C
PLSCR1
TRIM24
AXIN1
PGRMC2
CETN3
CTDSPL
ADAMDEC1
ZBTB22
RGL2
PFDN6
WDR46
GSTA4
NKRF
GNPAT
KMO
LAMA5
ZNF185
ZNF185

MATN3
CASC3
MRPS12
NDUFA1
VGF
SLC22A1
CLIC2
ACOX3
RER1
NPHP1
SURF4
MAPK13
ATXN7
ATXN7
SPTLC1
SPTLC2
FANCG
OGT
OGT
ALOX15B
PPM1D
PMM2
RAD51B
CTAGE5
INPP4B
CHAD
MID1
HMGB3
TP73
GPR37
PPM1G
INPPL1
FANCA
SOX12
EIF3D
EIF3H
SLC16A5
HDAC3
NVL
BCAT2
SIGLEC5
YY2
BIRC5
IPO8
STX7
FOXP2
SLC16A3
SLC31A1
ABCC3
ABCC3
ABCC4
ABCC5
CD3EAP
CD3EAP
TLR3
P4HA2
P4HA2
GYG2
YKT6
INSIG1
NUPL2
ARPC5
POLR2D
CLOCK
CFLAR
NKX2-8
DDX3Y
MAFG
OGG1
CYP27B1
PDPK1
PDPK1
PER1
ZSCAN9
RGS5
RNF113A
KCNN4
DHX15
SGSM2
RNMT
ZZEF1
ZZEF1
ASAP2
ASAP2
FLRT2
TTI1
PLXNB1
RRP8
PJA2
SIPA1L1
SIPA1L1
ZBTB24
CYB5B
PRPF4
PRPF4
ST8SIA3
PHGDH
NDUFS4
ARHGAP6
ADAM12
IRAK2
PHF1
GPR39
DYNC1LI2
PSMD3
HOXC11
RBFOX2
PAPSS1
SIAH2
ZNHIT1
ZW10
SPINT1
B4GALT5
SART1
SPINT2
GPAA1
DAPK3
TGFB1I1
SRGAP3
ZNF264
ZBTB43
AP5Z1
HSPA12A
CCP110
ADCY6
ZSCAN12
CTIF
CTIF
MTSS1
ATMIN
PPIP5K2
MAP3K7
MAP3K7
EEF1E1
LYRM1
RIPK2
ZNF749
RASA4
WDR62
WDR62
HNRNPR
HNRNPR
HNRNPR
HNRNPR
PRPF3
TXNL1
TPD52L2
TPD52L2
TPD52L2
TPD52L2
EMC8
COCH
ERI3
PRKRIR
FIBP
EIF4G3
TBX1
CBFA2T2
PPIH
MBTPS2
SUV39H1
HTRA2
KLF4
OIP5
AKR7A2
EPB41L2
EPB41L2
TGOLN2
RAD51C
LAMTOR5
B4GAT1
MED7
WIPF1
ATP8B1
BCL2L11
FOXO3
CHST10
SMAD6
XRCC3
XRCC2
RNF13
CA12
AKAP10
DENR
XPOT
HR
DNPH1
TIMM44
TRAPPC3
SNAI2
CHMP2A
NCK2
PSCA
TSPAN6
PLRG1
PRC1
PRC1
PRC1
RGS10
ZNF207
NDUFB5
NDUFB3
NDUFC1
NDUFA2
LDB2
ASNA1
BUB1
BUB3
BUB3
PPAP2C
PI15
SULT1B1
ACTN4
GSTZ1
WBSCR22
TLX3
TRIAP1
GATC
HTATSF1
TRAF3IP2
CYTH3
PRKAB2
CHP2
AP1G1
STX6
SYNGR1
SYNGR2
SYNGR3
SGTA
LIAS
ENSA
ENSA
SLC25A20
NARS
SPOP
MYO1B
SSNA1
SLC25A17
NUDT21
LANCL1
STRN
RRP9
SCO2
C21orf2
AKAP8
SLC37A4
ZBTB14
IDH3B
CALU
CALU
EDIL3
ATP9B
AHCYL1
CD5L
CREB3
XPNPEP2
KIF1C
PRICKLE3
EXTL3
ORC5
NDUFS5
PDE6D
CXCL13
ORC4
PEX1
RAD21
AKR1B10
TIMM8A
DHX16
SSSCA1
GMFG
PPP1R12B
PPP1R12B
BNIP3L
SH3BP5
PLIN1
BAI3
HS6ST1
MED14
PCDH7
PRPSAP2
SMARCA5
KIAA0513
SPAG9
SPAG9
SUSD5
KIF5C
NUAK1
URB1
ZNF862
MGRN1
SIPA1L3
ZFC3H1
LCMT2
TRAK2
LZTS3
KIAA0556
ZNF500
AQR
MAST3
CEP104
OPA1
OPA1
ZEB2
MCM3AP
PIP5K1C
KIF1B
KIF1B
KIF1B
MAPKBP1
Mar-06
KDM1A
KDM1A
TBC1D4
ECE2
PHLPP1
TBC1D12
FZD6
HBP1
FADS1
PPL
DFNA5
EVI5
LY75
MAN1A2
PLXNC1
MPZL2
ACSL4
SNX3
DOK2
STX10
MGEA5
ADCY9
SORBS3
SORBS3
SYNCRIP
SYNCRIP
TPST1
CDC40
B4GALT3
B4GALT4
RANBP6
NEMF
GMDS
NMT2
CCNT1
GREM1
BUB1B
PLOD3
EIF4E2
EIF4E2
CCNT2
TLR2
GFRA3
TSPAN1
TSPAN3
EXOC3
PDE8A
KLHL41
LMX1B
PLIN3
PLIN3
PLIN3
SLC16A7
RAD1
REV3L
JAK2
MAFK
PRMT3
KPNA6
SRPX2
UGDH
TPST2
ABCC9
LPXN
CTNND1
ICMT
CDC14B
PLA2G6
EIF1B
SNX2
DPM1
USO1
ZNF354A
SLC19A2
MRPS14
TOM1
TOM1
HNRNPCL1
HIST1H2BK
PFKFB2
PFKFB2
CCDC22
PQBP1
PQBP1
TIMM17B
PRAF2
DKC1
EIF5B
TRIM13
GAS7
EDF1
EDF1
KIN
DIAPH2
DIAPH2
DNAJA2
BRD4
CUTA
OPHN1
SMPD2
TBL1X
TBL1X
CTSV
HUS1
PFDN1
PPP1R11
RNASEH1
CTNS
NBN
NOL3
RNGTT
ABCB7
MITF
KIF21B
PLXNA2
NOS1AP
IGSF3
SDC3
DNAJC6
FAM20B
DENND4B
TMCC2
EFCAB14
FKTN
ADAM11
WDR1
SLIT1
SLIT3
LRP4
ATP9A
LDB3
N4BP1
ROCK2
COBL
COBL
ASTN2
CPNE3
ZBED4
DEPDC5
ATG13
PPFIA3
HIP1R
OBSL1
RNF40
PHF2
ZC3H11A
CLUH
RAB11FIP3
CAND2
TSC22D2
NPHP4
KDM4A
DNAJC13
PPP6R2
PPP6R2
ADAMTS4
CNOT3
SS18L1
ANKRD17
SIN3B
DNAJB6
DNAJB6
XYLB
PEX11A
LRP5
TMEM127
COQ9
GGCT
NDUFS7
RTN2
NDUFS2
ZPR1
USP12
DUSP11
GBAS
SNN
SEMA7A
HMMR
HMMR
CILP
PDCD6
PDCD6
ZNF253
TBCA
ATP6V1G1
VPS4B
MPDU1
ENTPD6
ENTPD5
ZNF217
AVIL
H2AFY
H2AFY
H2AFY
SH3BGRL
FLNB
FLNB
FLNB
FLNB
ZNF737
NCOR1
VAMP4
NDUFS6
PEX14
TRIM3
ULK1
TULP3
SLC43A1
CS
SPAG7
MRPL33
SEC22B
DEAF1
PRPF40A
PRPF40A
PRPF40A
TACC1
CDC45
GIGYF1
LRCH4
MTX2
VPS26A
NDUFB1
PMPCB
SAP30
MED24
KATNA1
RDH16
PAGE1
ERN1
E2F6
CRLF1
ZNF324
NR1I2
LGR5
PSIP1
PSIP1
PSIP1
ERLIN1
SUPT3H
GPC4
NDUFS3
SRSF10
GMNN
HSBP1
TNFRSF21
ECI2
KHDRBS3
TADA3
TAF5L
EED
BANF1
SF3B1
CSDE1
CSDE1
ZNF821
DAB1
WBP4
STX11
SKAP2
PRKRA
MTRF1
CRCP
RPS6KA5
MED6
MYCBP2
MYCBP2
GCAT
USP2
NPM3
LYPLA1
LYPLA1
LEFTY1
ERAL1
CREG1
SNRNP200
TRMU
TIPRL
OFD1
TOM1L1
RPS6KA4
SURF6
PPM1B
PPM1B
ADAP1
UTP20
NUP155
RP2
GJB3
STK16
WDHD1
CRTAP
SLC25A12
PIK3C2G
SLC22A3
B3GALNT1
TRPA1
TCEA3
RAD51D
PALM
PALM
ATP6AP2
GRAP2
RNASEH2A
CDC123
UGT2B17
CAPN15
BCAR3
POP7
RPP40
ZNF189
EIF3G
EIF3J
EIF3J
EIF3J
CBR3
PSMD10
KLF7
AP1G2
ZMPSTE24
SC5D
PPP1R37
TRAPPC6A
IDH1
GATB
SCO1
ATRN
RBBP9
STAM2
TNFSF13
ALDH1L1
TUSC2
SULT1C4
MMP23A
RASSF9
DGAT1
CCNK
DHRS3
PAK3
ARL6IP5
SERF1A
DYSF
PIAS1
PIAS2
PIAS2
BCAS2
DCTN3
DNAJC8
SMNDC1
ATP5H
DNAJB5
FLOT1
CDK2AP2
TRIO
ATP5L
AKAP3
MPDZ
SNAPC5
C1QL1
CPD
GLRX3
RSL1D1
WFS1
ANXA9
CLPX
CDKL5
NEBL
NEBL
SEC14L2
STC2
TM7SF2
RNF8
SNCG
CIAO1
PDE5A
WISP2
ZFAND5
RGS20
SLC22A5
PDE9A
SRP72
JTB
DXO
DDAH1
RECQL4
RECQL5
URI1
B3GAT3
STK17B
ECM2
MTA2
USP1
ALDH1A2
STK10
ACTL6B
PRKD3
GFPT2
TPPP
BAIAP3
SLIT2
ATG12
LTN1
ATP10B
TOMM70A
PLEKHG5
IPO13
DDHD2
MYO1D
TOX4
RHOBTB1
MICAL2
SEC24D
SUPT7L
FCHSD2
UFL1
SORBS2
SORBS2
SORBS2
SORBS2
SORBS2
SORBS2
TMCC1
PHF14
PHF14
SASH1
TMEM63A
FARP2
UBXN7
KLHL18
ZNF432
LRIG2
TOX
SUN1
PROSC
ERLIN2
PRPF6
LPHN1
ABCA8
PCF11
FRYL
FRYL
NFAT5
NFAT5
ENDOD1
CDK14
GLCE
GLS
GLS
HAUS5
SLITRK3
UBOX5
FBXO21
RHOBTB3
SOGA1
USP19
USP19
USP19
WDR47
TRIM37
AP2A2
AP2A2
SEC31A
SEC31A
CAMTA2
CLSTN1
CEP152
CEP152
FAM13A
FAM13A
SLITRK5
HEXIM1
SEMA3D
TJP3
INMT
DIRAS1
RPP14
CCNB2
UBR5
REC8
AGFG2
PRSS23
SCAF4
ZNF202
S1PR2
NDUFB6
NDUFB6
MFN2
DUSP14
SNUPN
AKR7A3
UBE4B
NXPH4
ZFPL1
IKBKAP
UBL3
GABARAP
NDUFA3
NDUFB4
NDUFB8
SCEL
NDUFA7
VAMP5
OAZ2
CSPG5
RTN3
RTN3
RTN3
KLHL2
ZNF205
LETM1
EPN2
STBD1
ZRANB2
SNX4
ZWINT
ZWINT
LUC7L3
KIF20A
APOL3
SPDEF
KIF4A
MBD4
MBD4
SBF1
GOSR1
KAT7
KAT7
ABCC6
KCNH1
ATE1
PDE8B
TNKS
CCNDBP1
EPM2A
KCNK5
VAPB
RASAL1
SNAPIN
MPZL1
MPZL1
NDUFC2
FKBP9
FKBP9
PGLS
PAPSS2
ABCB11
SMC2
ATG7
TRIM16
FARS2
ZBTB7A
LYPLA2
IPO7
ARIH2
TNFAIP8
TNFAIP8
MAP3K6
SLU7
PGM3
GCNT3
MOCS3
UTS2
CD2BP2
MED26
ZFYVE9
SVIL
SVIL
SVIL
PIGN
PAPLN
BAG4
AHSA1
APOM
ADAMTS2
PARN
TGDS
PSMG1
LARGE
FMNL1
GNAS
SGPL1
CTDNEP1
ABCA1
NSA2
H6PD
SEC24A
SEC24B
LPHN2
VNN1
VNN2
NPTXR
CBX6
NADK
TDP2
SFT2D2
MPC2
METTL18
ETHE1
ACSL3
POLR1A
PCNT
YEATS4
DUS4L
ADCY5
ZBTB11
ANP32D
CNOT4
CNOT4
CNOT4
STAMBP
NTN1
FSTL3
CPSF4
CPSF4
CPSF4
NFATC1
ATP6V1G2
ASMTL
ECEL1
CDS2
EYA4
FGFR1OP
PPP1R3D
BRD1
BRD1
POP4
HERC2
RAB3D
SNAP29
OXSR1
GGPS1
LDOC1
RAB36
HSPA4L
PTBP3
STARD3NL
LSM8
AP2A1
WIZ
DDX58
ZMYM6
STAU1
STAU1
TTC4
TMEM50A
SDPR
BAG2
BAG3

MLYCD
CRYZL1
AIFM1
CLDN1
CLIC3
EML2
LATS1
GNA14
NUDT14
TSPAN13
TSPAN15
TSPAN12
BPNT1
SNAI1
FADS2
DDAH2
C6orf47
TXNDC12
TRUB2
ECD
TTLL1
SYF2
EOMES
ONECUT2
FTCD
RECK
MBD3
TOP3B
NUDT3
GAS8
APC2
PTTG1
BCL10
NDUFB10
HAND1
CLPTM1
ZBED1
MOCS2
TOMM40
PEX11B
PAK4
WNT11
DNAL4
CHEK2
APBA3
ACTL6A
ACTL6A
CCNE2
WHSC1
WHSC1
WHSC1
MOCS2
MT-CYB
CYB5A
ADH1C
LDHA
ALDH1A1
GLUD1
DHFR
CYB5R3
GSR
MT-CO1
MT-CO2
MT-CO3
PAH
SOD1
CP
OTC
F13A1
PNP
HPRT1
GOT2
ABL1
ABL1
EGFR
PGK1
AK1
F2
HP
HPR
F9
F10
PLAU
PLAT
ADA
MT-ATP6
CA1
CA2
ASS1
OAS1
SERPINC1
SERPINA1
SERPINA3
AGT
A2M
C3
C5
TIMP1
CST3
CSTA
FOS
MYC
NRAS
HRAS
KRAS
KRAS
TGFB1
PENK
TG
IGF2
IGJ


CD4

PIGR
HLA-A
HLA-DRB1
MB
COL1A1
COL2A1
COL3A1
COL4A1
CRYAB
LMNA
LMNA
LMNA
SPTA1
TNNC2
APOA1
APOE
FGA
FGB
FGG
MBP
GYPA
SLC4A1
C1QC
C9
APOH
FN1
FN1
AHSG
TTR
GC
PPBP
TFRC
TF
HPX
FTL
FTH1
MT2A
ESR1
MT-ND1
MT-ND4
MT-ND5
MT-ND6
MT-ATP8
ANG
F11
SLPI
C4BPA
VTN
HMGCR
CAT
RAF1
GBA
FUCA1
ALDOA
ALDOA
CSTB
ANXA1
APOB
NR3C1
LCAT
OAT
TK1
HRG
A1BG
CD74
VWF
SEMG1
TUBB4A
GAPDH
GAPDH
ASL
HLA-DPB1
ERBB2
CAPNS1
TP53
HSPB1
TYMS
TYMS
RPN1
RPN2
RPN2
GNAI2
SLC4A2
IGF1
ATP1A1
ATP1B1
CHGB
ALDOB
APP
ARG1
APOD
ALDH2
ALDH2
ITGB3
ITGB2
HMGN1
SERPINB2
SERPINE1
PRKCG
SLC25A5
SERPINA5
F13B
ISG15
MPO
PCCA
PCCB
CYP2E1
ALPL
ALPP
EIF2S1
HMGN2
FGF1
ICAM1
RPLP1
RPLP2
RPLP0
JUN
FABP3
POLR3D
SSB
SERPIND1
TFAP2A
ITGB1
PRKCB
KRT18
CALB1
HPN
COL5A2
UROD
UGT2B4
INSR
FYN
FYN
BCHE
GLA
IGKV4-1
GSN
GSN
GSN
RB1
PGR
PTMA
CDK1
ATP5B
C2
S100A9
S100A6
APOA4
EIF4E
CEACAM5
CKM
ENO1
ENO1
PYGL
GPI
POLB
NPM1
NPM1
TPM3



ITGAV
LPL
HEXA

SERPINE2
SERPINE2
EPHX1
TH
DBI
FABP1
LDHB
NEFL
NEFM
NEFM
CENPB
THBD
PROS1
P4HB
H1F0
ACYP1
FES
CSF1R
CTSD
ANXA2
C8A
C8B
CAPN1
TUBB
ADRB2
DCN
PSAP
PSAP
HEXB
CTSL
PFN1
BPGM
APRT
APRT
EPRS
CTSB
LDHC
HSP90AA1
GALT
HNRNPC
HNRNPC
UQCRH
LAMB1
LYN
LYN
TPM2
TPM2
FH
ERCC1
ERCC1
THBS1
SP1
SP1
ANXA6
RHOC
CD55
ABCB1
SLC3A2
SLC3A2
SLC3A2
SLC3A2
NR3C2
GUSB
GUSB
PFKM
PFKM
HSP90AB1
SRPR
ASNS
SYP
MMP2
GSTA1
HMBS
MME
INHBA
MGP
PDHA1
PLEK
CD14
COL4A2
CYC1
SNRPB2
MET
MFI2
MYL3
CFH
SNRNP70
ITGA5
NFIC
NFIC
NFIC
NFIC
VIM
CYP3A4
RPS17
KRT19
GNAI3
ANXA5
STS
RPSA
ABHD2
ADRA2A
NMB
SNRPA
HOXC4
FGF2
ENO2
HBQ1
ACAA1
SRP19
DBH
GSTP1
SNRPC
MMP10
CD48
VIL1
LGALS1
QDPR
HMGB1
FBP1
GNAO1
GNAO1
SPARC
GSTM1



CLTA
CLTB
ANXA4
CNP
HMOX1
CSF1
PDGFRB
DLD
HOXB7
HOXC6
HNRNPA1
HNRNPA1
SNRPA1
COX6C
TACSTD2
C1S
PARP1
IFIT1
ALPI
UCHL1
FURIN
LTA4H
LTA4H
ALDOC
C4B
H2AFZ
HIST1H2AG
FBXO45
ANKRD34C
CISD3
ATXN1L
ELFN1
ZNF688
MSL3P1
JMJD7
POLR2M
PABPC4L
FAM200B
CHTF8
CHTF8
ZNF286B
TMSB15B
POTEI
POTEJ
SP9
ZNF865
ZNF888
SLC35E2B
PRSS56
TRAPPC2
RAB34
SMIM13
SAA1
SRGAP2C
C8orf88
SULT1A4
HSPA1B
SMIM10
GLI2
GLI2
GLI3
ZSCAN22
ZBTB48
GLI4
FDX1
RAP2A
SRGN
RNASE2
TROVE2
COX8A
MYBL1
MYBL2
GAA
RRAS
HLA-A
ARAF
HIST1H1E
BCL2
DLAT
PTPRF
NR2F6
NR2F1
TXN
TGFB3
COX5B
CTSA
MGST1
CYP2C8
MAPT
MAPT
MAPT
MAPT
C7
PRKAR1A
CHGA
TFPI
KIT
UROS
ESD
HSPD1
THRA
THRB
CLU
IRF1
HAPLN1
HSPA5
LAMC1
MYH3
ACP2
MAP2
MAP2
HSPA8
LIPC
SLC2A1
SLC2A3
EPB41
EPB41
EPB41
UMPS
PDHB
DBT
ITGAM
PYGB
MBL2
RALA
RALB
NAT2
BCR
SPTB
LAMP1
ERG
PIM1
ACADM
FGFR1
FGFR1
TOP1
TOP2A
G6PD
UBL4A
VDR
ESRRA
PC
DMD
DMD
MTHFD1
EPX
CYP2C9
IGF2R
ADH5
CDK4
SRF
PRPS2
PRPS2
ODC1
PABPC1
PCNA
NEFH
COX6A1
HARS
FABP2
COL11A1
COL6A1
COL6A2
COL6A3
SLC25A4
SLC25A6
IMPDH2
TPR
CKB
ANXA3
CKMT1A
GZMA
BMP2
BCKDHA
SKI
SKIL
ACTN1
ACTN1
ACTN1
ACE
MYH1
MYH7
SRC
PEPD
XRCC6
XRCC5
UNG
UNG
NR2C1
COX4I1
ALAS1
GP1BB
IFI30
HOXD8
LAMP2
RNH1
BMP1
BMP1
CYBA
SCG2
MYH6
CFTR
NCAM1
NCAM1
VCAN
ITGA4
RARG
ATP1A3
EEF2
PDIA4
C6
P4HA1
P4HA1
ZNF35
TPT1
ALAD
F3
PRG2
HLA-E
HLA-DRB1
LCP1
PLS3
ETFA
GYS1
PRKAR2A
SLC5A1
ANXA8
ENO3
GTF2F2
CCDC130
MTHFD2
GFAP
MIF
FOLR2
CD99
HGF
PRKCSH
IRF2
HCLS1
FDPS
TRIM27
CPM
COX7A2
SI
NID1
AKR1A1
NCF1
PKM
PKM
ACYP2
HSP90B1
CCNB1
MYL6B
SLC2A4
SNRPB
IDE
IL1R1
COX6B1
POU2F1
HNRNPL
DARS
DAO
ETS1
JUP
UQCRB
ETS2
BRAF
CPB1
CPA3
GLUL
AKR1B1
ANPEP
RAC2
CPN1
GSPT1
GSPT1
GSPT1
IFNGR1
B4GALT1
ACPP
EZR
FOLR1
ATF2
UCHL3
FOSL1
FOSL2
HPGD
ELN
AREG
CD46
CD46
NME1
NQO1
NQO1
GNS
ZNF250
VEGFA
IGLL1
HIVEP1
ARSB
RPS2
CHN1
TCF4
ST6GAL1
TCF3
TCF3
DSP
RPA2
MUC1
COX7C
TIMP2
ALOX15
NPR1
CD44
NQO2
H2AFX
ITGB4
ITGB4
CBR1
ANK1
ANK1
ACADS
CREB1
PDGFRA
SLC25A16
GLB1
PPP3CB
PPP3CB
NCK1
GCFC2
GCFC2
HIST1H1B
HIST1H1D
HIST1H1C
ZNF823
POR
DPEP1
EPB42
MGMT
FER
ATP2A2
ATP2A2
CPE
IL7R
PLCG2
FAH
STMN1
YBX3
YBX3
ZFX
ZNF12
ZNF14
ZNF708
ZNF16
ZNF17
ZNF20
ZNF182
ZNF22
ZNF23
ZNF24
ZKSCAN1
ZNF25
ZNF37A
ZNF28
ZNF3
ZSCAN20
NAGA
HSPA6
RHOQ
HMGA1
HMGA1
ZNF7
ZNF8
TMEM11
GOT1
IFNAR1
BPI
PRKCA
JUNB
ITGA2
GJA1
NPR3
SMPD1
UBTF
HOXB9
HOXB4
HOXB6
AKR1C4
JUND
CKMT2
ATF7
NDUFB7
SYN1
PRKACA
CAPN2
DES
CEBPB
CEBPB
CEBPB
GAP43
HLA-G
PTPN2
AMD1
TAT
TPH1
CTPS1
ENG
DDX5
PFKL
XBP1
GM2A
LGALS3
PSMC3
TCP1
PTPN1
IGFBP2
ERCC2
BMP7
RPL35A
ITGB5
ARF4
RPL7
EGR1
VCL
VCL
SRD5A1
LBP
PTPRA
NAT1
SON
SON
SON
NELFE
RPL17
PGAM1
RCC1
RCC1
SDC1
ATF1
ATF3
ATF4
ATF6
LIG1
ATP5J
XRCC1
PAM
CDH2
TSPAN8
GNAZ
MYL12A
PLCG1
PLCG1
VCAM1
NCL
HK1
POLR2C
POLR2E
ELK1
TNFRSF1A
GGT1
ERCC3
TRIM21
EIF2AK2
TFE3
SRM
SLC9A1
CSNK2A2
RXRA
AOC1
ITIH2
ITIH1
NFKB1
NFKB1
NCF2
FST
TYMP
ATP2B1
EIF2S2
ANXA7
CD33
PGC
AZU1
TBP
CCNA2
POU3F2
BTF3
BTF3
CHRM3
RAB3A
RAB3B
RAB4A
RAB5A
RAB6A
RAB6A
NR1D1
MSH3
MX1
MX2
PSMB1
M6PR
ATP4A
COX5A
LMNB1
ITGAL
HOXA5
PZP
BCL3
OGN


CAST
CYP2B6
CYP3A5
EFNA1
IMPDH1
COL9A1
C4BPB
COL5A1
AGA
RASA1
PTMS
PRPS1L1
FUT3
PTN
GSTM3
ATP6V1B2
ATP6V1C1
CSRP1
FLNA
FLNA
NF1
MAOA
ACO1
ABCB4
FPR1
TNFAIP3
KITLG
NT5E
TAF1
TAF1
GPD1
EPHA1
C5AR1
TBXA2R
MSR1
VDAC1
FGFR2
BGN
CD72
ERBB3
SDHB
BCKDHB
COMT
TGM2
KCNA3
BMP6
MUT
OSBP
PCMT1
FUT4
FBL
RPS4Y1
GART
PAICS
ACHE
IDS
SCP2
UGT1A4
UBA1
UBA1
NME2
NME2
ENPP1
FGFR4
GAL
HIST1H1T
SPRR1B
FDXR
FDXR
FGFR3
PRKACG
HNRNPA2B1
HNRNPA2B1
RFX1
CALB2
CBL
IGFBP4
PRKACB
UQCRC2
SLC2A5
NR4A1
CA4
AADAC
CPN2
FECH
MMP8
MRC1
XPA
CES1
FBLN1
FBLN1
TCEA1
PTGS1
ITGA6
ITGA6
SFPQ
TUBG1
PPIB
S100A1
KAL1
ME2
GLDC
WARS
RPS3
MYF6
GCSH
RPS6KB1
RPS6KB1
JAK1
PTPRB

PTPRE
PTPRG
PTPRZ1
SP100
SP100
SP100
MCC
MCC
NFYA
AHCY
HIST1H2BO
CFL1
BDNF
F8A1
ATP2B4
ATP2B4
ITPKA
DGKA
GATA2
GATA3
CPT2
DTYMK
RRM1
IL32
LAMA2
ZBTB25
GPT
COX7B
CCND1
CHM
KDELR1
NR2F2
EEF1B2
ATP5F1
AKAP5
IGFBP6
IGFBP5
ACP1
ACP1
PRKCH
ACAT1
TNC
TNC
TNC
MYL9
MYL9
APC
GUCY2C
ADRBK1
ACKR3
F2R
MCM3
NFYB
AZGP1
MPST
LAMA1
RPS12
BRD2
FAS
YY1
DNAJB1
DNAJB2
DNAJB2
ATP5A1
CTSS
PSMA1
PSMA3
PSMA4
PSMA4
LMO1
S100P
NPY1R
COL5A3
NFKBIA
ITGA3
ITGB7
ITGB8
PTX3
MSN
PTPN3
DDX6
CTNNA2
DNMT1
DNMT1
PAX6
PAX6
U2AF2
RPL13
CHML
HSD3B2
S100A4
MGAT1
HMGB2
PTBP1
TARS
VARS
EEF1G
CD27
FKBP2
IL3RA
CNTFR
ACVR2A
STOM
AK4
PON1
ANXA13
MAOB
YWHAQ
MAPK3
ATP6V0C
CALML3
DPP4
ARNT
CERS1
RPL10
COL8A1
RPA1
APEX1
CD82
DCK
CAD
CALR
PDE4A
PDE4A
MAP4
MAP4
MAP4
CANX
PIK3R1
ITPKB
PSMB8
PSMB9
PSMA5
PSMB4
PSMB6
PSMB5
PSMB5
GSTM2
ABCD3
TMOD1
SSFA2
LOX
ELK4
PEX2
ACADL
NDUFS1
POLD1
TEAD1
TEAD1
HOXD9
MSX1
GABRB3
MAPK1
DUSP1
MZF1
RXRB
RBL1
GRN
LAP3
S100A2
PTPN4
GTF2E1
GTF2E2
PCSK1
TPP2
IMPA1
CTGF
EPHA2
EPHA3
EPHA8
EPHB2
PTPN6
SHC1
SHC1
SHC1
SHC1
MPG
CRABP2
ARID4A
COL4A5
TKT
CASP1
NOS3
SERPINB3
LMOD1
RBMS1
RBMS1
PML
PML
PML
PML
PML
PML
PML
TYK2
EEF1D
EEF1D
EEF1D
EEF1D
OAS2
MARCKS
GNA11
ALDH4A1
PBLD
ERP29
PRDX6
BLVRB
PRDX5
PRDX5
DDT
GCHFR
PRDX3
ATP5D
RPL12
ECHS1
CMPK1
PEBP1
PDIA3
PPP2R1A
PPP2R1B
PPP2R1B
CDC27
CDC27
CCND2
CCND3
WEE1
CDC25A
CDC25B
CDC25C
CDC25C
PPIF
NKTR
NMT1
HLA-A
HLA-B
HLA-B
HLA-B
HLA-B
HLA-C
HLA-C
HMOX2
HMOX2
ADSS
AXL
SLC6A1
CHRNA5
LRPAP1
ADSL
PKLR
CLIP1
CLIP1
SRI
SRI
GNA15
GSTT1
SERPINB1
SLC7A1
ALDH1B1
ALDH3A1
POLR2B
LCN1
SDHA
CORO1A
GDI1
S100A7
MAPK4
MAT2A
MAT2A
HOXA10
HOXA7
HOXA9
HOXA13
HOXC8
HOXC9
HOXC13
PRKAR1B
PRKAR2B
CPS1
RRM2
CASQ1
SDC4
FMO4
FMO3
HIVEP2
DNAJA1
AKT1
AKT2
UQCRC1
HIBADH
ATIC
ATIC
HNRNPH3
HNRNPH1
CASP14
YWHAB
YWHAB
SFN
STIP1
S100A11
L1CAM
L1CAM
INPP5B
INPP5B
PRDX2
ARRB2
GK
VIPR1
OTX1
GPR183
CHRNA3
FOXN2
CDA
DCTD
PYCR1
SLC8A1
GBP1
GBP2
ELF1
HPD
GTF2H1
STX2
CTH
RPL9
CD70
ACSL1
CDH5
KIF5B
CSTF2
LSP1
CYP2C18
DUT
DUT
GUCY1A2
ABCC1
CKS2
S100A3
ABCD1
MAN1A1
KDELR2
TTK
MCM4
MCM5
MCM7
GALNS
RNASE4
SDC2
BMP8A
SHMT1
SHMT2
EVI2B
EPHX2
HSPA1L
HSPA4
GRK5
MPI
GPC1
PFN2
PFN2
CTNNA1
CTNNB1
PHB
SERPINB6
NF2
RDX
RDX
RPA3
RFC4
RFC2
RFC1
RPL22
GTF2F1
SPR
PTGS2
HRH1
OPRM1
PTGER4
THBS2
THBS4
IDUA
CBS
MSX2
FBN1
FBN2
GCK
PCK1
IRS1
AGL
MYH9
MYH10
MYH10
TIE1
COPB2
ACTN2
SOAT1
ADD1
ADD1
ADD1
ADD2
BSG
BSG
TIMP3
ADRBK2
FUS



DEK
SOX11
MYH11
GLRX
ZNF93
CHKA
PPM1A
IGFALS
AHR
KRT2
HMGCL
FLT4
KDR
PSMC2
CHI3L1
GJC1
ARL2
ARL3
TRIM23
MAP2K2
ZNF76
UGT2B10
ATP5C1
ATP5C1
ATP6V1E1
ATP6V1E1
CPOX
RPL4
NUDT1
LONP1
PGM1
PPP1CC
PPP1CC
BMPR1A
ACVR1B
TGFBR1
GNL1
LTBR
SERPINB5
POLR2I
SERPINF1
SREBF1
DLST
GMPR
HSD17B2
SCNN1A
SRP14
TGFBR2
NUP62
HPCAL1
FDFT1
ZEB1
PIGA
TAGLN2
TALDO1
SNCA
ETFB
RBMX
BRCA1
GNAL
GNAL
COIL
GGCX
ITGAE
ATP6V1A
ATP6V1A
HSPA9
EIF4A3
IGHMBP2
CDKN1A
RPS19
RPL3
COL18A1
MPV17
ANP32A
FEN1
CUX1
CAPG
CAP2
IL6ST
TXLNA
CCT6A
NNMT
PSMB10
VHL
PBX1
PBX2
RPL13A
ARL1
ARL4A
MLH1
STAT3
STAT3
USP8
USP8
PEX19
SLC26A3
MDH1
MDH2
RFC5
RFC3
HADHA
CCNF
EIF2S3
ID1
ETV5
ETV3
BCL6
CETN2
ETV6
EIF2D
MNDA
PRPH
RGS2
WNT5A
PTGDS
BUD31
UBA7
NAA10
KDM5C
PPP1R2
CSK
PNPLA4
GARS
IARS
TNFSF9
MAP3K8
SLC19A1
EIF1
VIPR2
PRKCI
ELK3
ACTR1B
ECI1
TMPO
TMPO
TMPO
STAT1
STAT6
SKIV2L2
AKR1C3
AKR1C3
ARHGAP25
PIK3CA
PIK3CB
MTOR
HAL
EPS15
MLLT3
CASP3
CASP2
DPP6
RPS27
TEC
ABL2
ABL2
ABL2
FRK
HELZ
NCAPD3
RBM34
LIFR
LRPPRC
ACAA2
RPL35
CDKN2A
CDKN2B
CDKN2C
PRCP
HTT
ECE1
MTHFR
SLC1A1
SLC1A4
PAFAH1B1
MCAM
CRAT
CTSO
CTSK
MATR3
MATR3
MSH2
GRK6
BTD
ETV4
GPD2
SSR1
SSR2
RAD52
ALDH3B1
ALDH3B1
NR4A2
MAGEA1
MAGEA3
MAGEA4
MAGEA6
PTPN9
SYK
RANBP1
RANBP1
NAMPT
AFM
PSMC4
TSFM
ASPA
ABCG1
PPIC
VDAC2
ACADSB
CBX5
USP5
MAPK8
MAPK8
MAPK9
MAP2K4
MKI67
MKI67
PHKA2
PHKA1
RANGAP1
RECQL
NOP2
NOP2
ATRX
ATRX
CRK
CRK
CRKL
MTIF2
GSTM5
NSF
CDKN1B
NOTCH1
MAP2K3
BRCC3
BRCC3
RPL27A
RPL5
RPL21
RPL28
RPS5
RPS10
MAP1B
GNPDA1
NEDD4
YAP1
YAP1
YAP1
YAP1
YAP1
UTRN
IQGAP1
HAAO
GYG1
STT3A
RABIF
PLA2G4A
RAP1GAP
CAPZA2
CAPZB
CAPZB
EIF1AX
ALDH1A3
QARS
CDX1
RPL29
NPTX2
UQCRFS1
XDH
SLC6A8
ATP5O
LIMS1
LIMS1
LIMS1
GLIPR1
SLC6A12
SLC6A9
PREP
ME1
ATP5G3
TFPI2
LEPR
RFX2
RFX3
RFX5
PIP4K2A
SOX2
SOX9
ARCN1
LSS
PPP3CC
PPP3CC
GCLC
GCLM
GCLM
CD151
KCNC1
IFNAR2
NRIP1
TRAPPC10
SERPINB4
PRRC2A
GSS
CCT5
PTDSS1
NES
HSPA13
AMT
CSNK1A1
CSNK1A1
CSNK1A1
CSNK1D
CSNK1D
IDH2
PITPNB
PITPNB
MASP1
LHX1
NOV
SLC9A3
TDO2
CD97
POLD2
MARCKSL1
PXN
PXN
PXN
PXN
CAMLG
NR2C2
MAPKAPK2
DNASE1L1
ALDH9A1
RPL34
TGM4
RPIA
LMAN1
SLC11A2
NASP
NASP
NASP
FMO5
FASN
CDK8
FNTA
FNTB
DHPS
CCT3
MRPL19
ARRB1
TUFM
ALDH7A1
ALDH7A1
CDC34
INPP1
GLUD2
CENPA
CENPF
SRP9
UBE2A
PCYT1A
AARS
CARS
CARS
CARS
HARS2
SARS
PPM1F
TTPA
MAN2A2
PRIM1
PRIM2
CASP4
CSNK1E
ARL4D
CTCF
CEBPD
PSMB3
PSMB2
MCM2
ACADVL
YLPM1
YLPM1
ACOT2
VPS41
TMED10
RBM25
NUMB
NUMB
RGS6
CLK1
CLK3
PSEN1
EIF2B2
HINT1
FHIT
NUP153
RANBP2
RGS19
RGS3
RGS4
RGS7
TSC2
TSC2
NDUFV1
GSK3A
GSK3B
TAF6
GZMK
SULT1E1
NT5C2
SEPHS1
ZNF165
MTHFS
GMPS
LIG3
LIG4
MRE11A
ENTPD1
KHK
KHK
HNMT
GNAQ
GNG10
IDH3A
MNX1
MEOX1
SULT1A1
CRIP1
MMP14
PPOX
GDI2
EMD
CPT1A
GATM
SLC26A2
SERPINB8
SERPINB9
SERPINH1
LHX2
CSRP3
ST13
PEX5
PEX5
PEX5
PEX5
ERF
VASP
DNM2
DNM2
DNM2
METAP2
NUDT2
TNFSF10
TUB
CDK7
TOB1
HLCS
KNTC1
RASSF2
CDK9
CDK9
LRBA
LRBA
BCAM
PPT1
RPL14
CCT8
CCT4
ANXA11
PAPOLA
FXR1
FXR1
FXR2
RAB5C
RAB7A
RAB9A
RAB13
RAB28
RAB27A
FABP6
PLCD1
PLCD1
DAP
DAP3
DUSP3
MMP15
ZNF84
DNA2
SMARCA2
SMARCA2
SMARCA4
SMARCA4
SMARCA4
IDH3G
GALK1
SSR4
BCAP31
TPMT
BRCA2
CYP2J2
MECP2
HCFC1
IRAK1
CAV2
CAV2
ALDH3A2
ALDH5A1
HSD17B4
PSMD7
UBE2D1
GPM6A
SUOX
SGSH
ARSD
STAT5B
APLP1
KCNQ1
CLCN2
CLCN3
CLCN3
CLCN5
CLCN6
CLCN7
PLXNA3
VAMP7
XK
RPS6KA3
ZNF41
PRKX
AFF1
AFF1
AFF3
ADCY7
NR0B1
AKR1D1
HDGF
HDGF
CASP5
LUM
PRELP
CNN1
CCNH
MNAT1
NEK2
NEK2
NEK4
NEK4
CCNG1
UBE2E1
NDUFA8
HNRNPA3
HNRNPA3
MYOM1
PGD
HNRNPM
HNRNPM
KPNA2
KPNA1
NCBP2
NCBP2
RAP1GDS1
RAP1GDS1
RAP1GDS1
RAP1GDS1
DGKE
POLR2J
MAP2K6
ARHGDIA
ARHGDIB
SLC7A2
AGFG1
HNRNPF
STAT2
GTF2A1
GTF2A2
MSH6
KIF11
VAV2
ZNF133
ZNF136
ZNF140
ZNF131
ZNF132
ZNF134
ZNF142
ZNF143
ZNF143
RBM5
CHN2
HRSP12
SMS
HK2
HK3
EFNB2
EFNA5
MRPL12
STC1
DGKQ
NDST1
NDST2
THOP1
AKR1C2
CAPZA1
CRIP2
PDX1
NUP98
GBX2
NKX2-5
BLVRA
SLC25A1
PPP5C
PLK1
DAPK1
ARFIP2
ARFIP1
ARFIP1
NUDT6
NUBP1
ACLY
ACLY
COL4A4
FOSB
CEBPG
METAP1
SUCLG1
MVD
PGGT1B
RABGGTB
COPB1
COPA
COPA
CTSC
LIMK1
LIMK2
LIMK2
CLTCL1
AP3M2
AP2S1
HCCS
ITGA8
MAPK12
MAPK10
SLC5A3
POLR2K
TTC3
RCAN1
SMTN
SMTN
PLA2G16
SLC16A1
IST1
IST1
IST1
SEC24C
SUB1
POLG
CLNS1A
BLM
RARS
RARS
HIRA
ATXN3
ATXN1
ATN1
TERF1
PMS1
PMS2
CACNB3
CACNA2D1
CACNA2D1
CACNA2D1
MYOM2
YARS
USP14
PRKAG1
PRKAA2
HSPA2
BCAT1
ATP1B3
RAD23A
RAD23A
RAD23B


EPHB3
EPHB4
EPHA4
ARSF
NAGLU
AK2
GAS1
GYS2
EMP3
HMGCS2
ALDH18A1
ALDH18A1
NAPA
MFAP2
EIF5
SLC12A2
SLC12A2
PSMD4
DRG2
GEM
RRAD
NR1H2
PLTP
CSE1L
VCP
MFAP1
MFAP3
MFAP4
HADHB
INHBC
MTTP
NCKAP1L
MLLT4
MLLT4
MLLT10
ELL


CASP7
CASP9
CASP6
ADK
ADK
ADAR
ADAR
ADAR
LAMB2
CDKN2D
CDH6
CDH11
CDH12
CDH13
CDH15
FOXA1
TPD52
TPD52
TPD52
PRMT2
PKNOX1
SEC13
NHP2L1
PAX9
GFER
HNRNPH2
OXCT1
SH3BGR
SUMO3
EIF3B
BID
ATP5J2
DLX1
DLX6
NDUFV3
NDUFV3
RRP1
MARS
ITGA1
ARPP19
ARPP19
MAZ
MAZ
CMC4
MTCP1
POLE2
AP1S2
MP68
ATP5E
ATP5I
HDAC4
EIF6
EIF6
CTBP2
ARL4C
PEX3
PER3
WNT4
WNT7B
PRSS12
CLDN12
BACE1
HSD17B7
BCAR1
STX17
RBM11
PIGP
HUNK
RWDD2B
C21orf59
RIPK4
WDR4
SCAND1
TMEM33
GEMIN4
KLF3
PCBP3
PCBP4
RAB38
CORO7
NUP107
SNX16
RGS8
EEFSEC
FBXW4
SESN2
SESN3
FOXL2
EPPK1
ZNF121
MLF1
SMIM11
MTPN
YBEY
EVA1C
HIST1H2BD
RAB15
GNG2
ZNF445
ANAPC15
SEC61G
TPI1
EIF3E
SEC61B
PTEN
PTEN
ERVFRD-1
PPP4C
GABARAPL2
ROMO1
UBE2G2
MYL6
MYL6
PFN3
ACTB
RAC3
EIF4A1
RPS20
SNAP25
SNAP25
PRPS1
SHFM1
PSMA6
S100A10
CDC42
CDC42
DSTN
GMFB
RAB8A
SPCS3
SRP54
RAB4B
RAB2A
RAB5B
CKS1B
RAB10
CXCR4
UBE2D3
UBE2M
UBE2K
UBE2N
RAB14
ZC3H6
ACTR3
ACTR2
ACTR1A
COPS2
COPS2
ARF3
POLR2F
ABCE1
RAP1B
RAP2B
MAX
MAX
RPS3A
RPL26
PSME3
RPL15
MAGOH
FGF12
RPL27
ISL1
PCBD1
RPL37A
RHOA
RND3
NAA20
NCALD
HSPE1
SEC61A1
LYZ
VBP1
STXBP1
STXBP1
B2M
TGFB2
NPC2
COPZ1
PKIA
RPL37
GNG11
SUMO2
UFM1
DCAF7
WDR5
AP1S1
LMO4
NUTF2
HNRNPK
HNRNPK
HNRNPK
YWHAG
USP46
RRAS2
TIMM10
RPS7
PPP1CA
PPP1CA
PPP1CB
CALM1
NCS1
PSMC1
PSMC5
PSMC5
RPS8
RPS15A
RPS16
UBE2G1
UBE2H
YWHAE
RPS14
RPS23
RPS18
RPS29
RPS13
RPS11
SNRPE
SNRPF
SNRPG
LSM3
LSM6
SNRPD1
SNRPD2
SNRPD2
SNRPD3
BTG1
TMSB4X
ARF6
TBPL1
RPL7A
POLR2G
RAB11A
ETF1
ESRRG
CNBP
CNBP
CNBP
YPEL5
RPS4X
PPP2CB
ACTA2
RHOB
RPL23A
RPS6
VSNL1
HIST1H4A
RAB1A
RAN
RPL23
RAP1A
UBE2D2
RPS24
RPS25
RPS26
RPS28
FAU
GNB1
POLR2L
RBX1
GNB2
RPL30
RPL39
RPL31
RPL10A
RPL32
RPL11
RPL11
RPL8
PPIA
PPIA
FKBP1A
CACNG7
RPS27A
UBA52
GRB2
TRA2B
RAC1
RAC1
AP2B1



GNAI1
PPP3R1
YWHAZ
UBE2B
PPP2R2A
SNRPN
SUMO1
DYNLL1
DYNLT1
RPL38
SKP1
GNG5
RPS21
EIF5A
GNB2L1
KCNJ2
ACTG1
ACTG2
SUPT4H1
UBE2I
TMSB10
TNNC1
PPP2CA
YBX1
SEC11A
CSNK2B
TPM4
TPM4
ACTC1
UBE2L3
EEF1A1
FKBP1B
TUBA1B
TUBA4A
TUBB4B
CSNK2A1
PAFAH1B2
HIST1H3A
UBXN2A
HBB
HBG2
HBA1
CXADR
FAM193A
SH3BP2
NOP14
RNF4
IGBP1
SIRPA
ADAM8
PSPH
RBM6
GPC5
PITX1
EIF4G2
EIF4G2
RPP38
RPP30
RPP30
GTF2I
GTF2I
GTF2I
ASIC1
DLG4
PIP4K2B
CNTNAP1
SRPK2
PHC1
NKX3-2
CSNK1G2
CCT2
SLC35A2
SLC35A1
PRAME
RAE1
BTN3A2
IRX5
IRX3
GSTO1
NKX6-1
JAG1
ST5
PRKDC
PRKDC
ADAM17
BLOC1S1
SRPX
ARG2
BTG2
ELF3
NTHL1
IL13RA1
CRADD
ADARB1
ADARB1
PRR3
PRR3
GPLD1
LCN2
IFI35
MT1X
HSD11B2
DLK1
S100A12
BASP1
GPSM2
FAM189B
DCD
TMF1
MRPS22
MRPS25
MRPS10
MRPS35
MRPS5
MRPS36
MRPS11
MRPS15
MRPS34
MRPS6
MRPS9
HMGN5
SARNP
HTRA3
LACTB
LSM11
COG7
RPL24
TXNL4A
RPL36A
CBX1
SMAD3
ARF1
ARF5
ERH
RHOG
RPL19
SERF2
SRSF3
MXRA7
MXRA7
MXRA7
H3F3A
FOXK1
ZBED6
CCZ1
DAB2
DAB2
MUC5AC
DGCR2
VLDLR
HSPG2
LRP2
ZXDA
ZXDB
XIAP
ARHGAP4
EFNB1
FAM3A
FGD1
RBM10
FOXO4
RBM3
ZNF200
ATP2C1

ATP8B2
CYCS
PPP2R2B
MPP1
TFAM
PITPNA
MAT1A
SLC25A3
GTF2B
HOXC5
CDKL1
CDK6
CDK5
CDK16
CDK17
PURA
CDC42EP1
FANCC
CLTC
HSF1
NFKB2
NFKB2
FKBP3
PLCB2
REEP5
SORD
HNRNPU
HNRNPU
MYBPC1
B4GALNT1
IRF9
MDM2
NGFRAP1
NGFRAP1
PDE1B
U2AF1
U2AF1
SPTBN1
SPTBN1
TIAL1
TIAL1
E2F1
SET
SET
SCN7A
SRSF2
CD83
FOXK2
RUNX1
RELB
GALK2
GALK2
AMPD3
AMPD2
AMPD2
CTBS
FABP5
ANK2
CAP1
CAP1
MYT1
FLI1
HMGCS1
IFITM3
IFITM2
SLC7A5
DR1
TFAP4
FMO1
EXOSC10
OTUD4
OTUD4
PFKP
ATP2B2
XPC
EWSR1
CDR2
COL4A3
OCRL
PLCB3
ROR2
TAGLN
AKAP17A


NAAA
SP2
GUCY1A3
DHODH
PRKCE
OGDH
OGDH
CENPE
KIF23
KIF23
KIF23
ALDH6A1
BDH1
ID2
SEMG2
ZNF45
COL7A1
APBA1
DSG1
SP4
SP3
SP3
SP3
DSC2
DSC2
ID3
HIST1H1A
RPL18A
IRF8
CACNB1
GCNT1
MAP2K1
TEK
FKBP4
PLOD1
MUC2
NUCB1
RASSF7
RPL6
TOP2B
CYP4A11
CREB5
AKAP12
AKAP12
SLC25A11
CFHR3
DST
DST
DST
GSTM4
HHEX
CREM
CREM
MLLT1
GNA12
CAV1
CAV1
ACY1
KMT2A
TGFBR3
TNFAIP2
PPARD
CENPC
LMNB2
PTS
PLAUR
PLAUR
MVK
ERCC6
TAP1
CEBPZ
ZNF85
HSF2
ZNF92
RELA
UBXN1
GBE1
EIF4G1
EIF4G1
EIF4G1
EIF4G1
ATP7A
NOTCH2
TLE1
TLE3
TLE3
TLE4
EMX2
PRKCQ
GLO1
ACVR1
HLA-B
AKR1C1
SSBP1
REL
MST1R
YWHAH
PLP2
CSTF1
UBE3A
DNM1
PTPN12
PTK2
LIPE
ZNF91
PRKCZ
ZBTB16
SRSF11
SRSF11
EEF1A2
PRKCD
CALD1
CALD1
CALD1
CALD1
COL14A1
RNASEL
FPGS
SLC18A2
MBTD1
DIRC2
EML5
CTDSPL2
FAM160A1
BCAR2
ITIH3
PTPN11
PTPN11
KDSR
REG3A
PPP2R3A
PPAT
GFPT1
EXOSC9
AOX1
PSME1
RBPJ
MEF2C
MEF2C
RUNX1T1
APLP2
APLP2
APLP2
SULT2A1
GABPA
GABPB1
GABPB1
RING1
RAD51
FMR1
FMR1
FMR1
FMR1
FMOD
PRDX1
SOX4
CDK18
RPL18
C1QBP
CKAP4
ENPEP
COL16A1
PDE4B
ZFP36L1
SPAG1
KHDRBS1
DLX2
BAX
BCL2L1
MCL1
SLC3A1
POLE
KLC1
KLC1
KLC1
SOS2
TNK2
LRP1
ARHGAP1
CYP24A1
FOXM1
AES
SRSF4
PCDH1
PPP3CA
PPP3CA
DHX9
CRYZ
CRYZ
CACNB2
IL10RB
DDR1
SLC20A2
GOLGA3
GOLGA2
LGALS3BP
LOXL1
EHHADH
MFGE8
CYP4F3
PDE4C
PDE4D
PDE4D
PDE4D
PDE4D
DSC1
HDHD1
SPOCK1
CD47
PPID
FGL1
SSRP1
RBL2
CAMSAP2
CAMSAP2
SPIRE1
SLFN5
MZT1
ACSM1
VAC14
ZNF616
ZNF543
NSUN2
NSUN2
DMPK
DMWD
RBBP4
RBBP4
NCBP1
MGAT5
EP300
AHNAK
AHNAK
SLC10A7
FCHO2
C4orf29
TMEM62
ELP6
RASGEF1B
SMAGP
C19orf57
DNAH14
HSPA14
SCRN3
CGNL1
FAAP100
ZNF816
LAMTOR4
NEXN
NEXN
NEXN
MGAT2
GALNT2
GALNT1
AP1B1
AP1B1
CPSF1
MN1
DBP
TEF
BST2
PMPCA
ST3GAL1
ST3GAL4
KIF1A
SCRN1
HMGXB3
KIAA0195
KIAA0196
NUP160
SCAP
SREBF2
ARHGEF5
FOXO1
TBL3
GTF3C1
KCNMA1
TWF1
HYAL1
PNRC1
ASPH
TFCP2
TFCP2
AKAP13
EFEMP1
SMARCB1
SMARCB1
RAB40B
BPTF
BPTF
CDC20
POU4F2
KIF5A
FSTL1
STX4
GRSF1
MAP4K2
MAP3K12
NFIA
NFIA
CNTN1
MERTK
SFSWAP
CHD3
SF3A3
DPYD
TP53BP1
TP53BP1
HYAL2
TMEM115
IFRD2
TRIM26
AIMP1
AIMP1
ILF2
ILF3
ILF3
LMAN2
PTPRJ
PTPN13
EPS8
TRAP1
TRAF2
BFSP1
FOXF1
FOXF2
FOXC1
ANK3
ANK3
ANK3
DLG1
DLG1
TAF10
MYO1E
RALGDS
NFATC3
PPP1R8
PTP4A2
ABR
NPRL3
BNIP1
NFX1
CSTF3
TIAM1
ECH1
MLLT11
ARHGAP5
PLA2R1
AKAP6
PRDM2
STRN3
STRN3
CDC16
STK4
FLII
FLII
TRIM32
COASY
MKRN3
TRAF1
MRPL28
ACACA
ACACA
PLA2G7
LCP2
GPS1
GPS1
IFT88
SPP2
ZBTB17
USP4
CHAF1A
CHAF1B
TRAF3
DUSP4
KLF10
IK
MTAP
REST
RLF
PRKAA1
PPFIA1
CALCOCO2
EIF2B5
TARDBP
HNRNPA0
PAK1
AIMP2
FADD
PRDX4
MAP2K5
MAPK7
PAK2
CBX3
STK3
STX5
STX5
CBLB
PSMD2
MMRN1
DDX10
SEMA3B
ERCC8
DNAJC3
PAPPA
GPS2
SELENBP1
SELENBP1
CHIT1
NME3
MAP3K1
PRKG2
SRSF9
SRSF5
SRSF6
NOG
MAD2L1
TRIM28
DHRS2
SEMA3F
SEMA3F
STX3
G3BP1
NMI
KCNAB2
KCNAB2
PTK7
PABPC4
PABPC4
ATM
CDK5R2
GRB10
IFIT5
MTA1
MTA1
PTPRS
EIF3I
ITGB3BP
PPIL2
PPP2R5C
PPP2R5C
PPP2R5C
CTBP1
AP3B2
PDE3B
PDCL
MAPK8IP2
PLD1
MAB21L1
TARBP1
MYO7A
UBE2V1
MRPL49
DYNC1I2
DYNC1I2
DYNC1I2
ORC1
ORC2
ILK
MSLN
NNT
SNTA1
SNTB2
XRCC4
PPIG
TCOF1
TCOF1
UNC119
SLC39A6
SF3B2
OS9
GOLGA4
GOLGA4
PDAP1
ADAM9
ADAM15
TMED1
FKBP5
TUSC3
MYO9B
ROCK1
FZD5
NFATC2
TNK1
TOP3A
IL18R1
GAB1
SMAD4
SNAPC2
TCIRG1
BIRC3
BIRC2
GPM6B
PICALM
PICALM
MAMLD1
MTM1
SQSTM1
MED21
NAB1
TUBB3
ASAH1
PRPF4B
PIN1
SERINC3
ATR
EIF4EBP1
EIF4EBP2
RIPK1
HDAC1
CAMK2B
CAMK2G
CAMK2G
CAMK2D
CAMK2D
CAMK2D
DCTN2
DCTN2
PKD2
NAE1
IRF5
ITPK1
SNW1
DGKZ
IQGAP2
STIM1
TRA2A
SNX1
KRR1
PEX6
DNASE1L3
PWP1
MTMR1
MTMR2
MTMR2
MTMR3
CUL1
CUL2
CUL3
CUL4A
CUL4B
TP53BP2
DYRK1A
TSTA3
PTCH1
RAB31
RAB32
TPBG
FHL1
FHL1
FHL3
PMS2P11
RIN1
ITGA7
ITGA7
AAMP
ALKBH1
MOGS
ALCAM
LAMB3
LAMC2
RUNX3
THOC5
NCOA4
PMAIP1
ARFRP1
SHROOM2
ITGA9
SPTAN1
SPTAN1
ENPP2
GNL2
AUH
TNFAIP1
DDX39B
BLMH
EXOSC2
BMPR2
SNTB1
TUBB2A
KLF9
KLF5
GTF2H2
GTF2H3
BYSL
C1D
RAPGEF1
IDI1
CAPS
PDE7A
CUX1
CUX1
CBFB
CBFB
NFYC
NFYC
PRKG1
PRKG1
CDK13
CDK13
IL16
CKAP5
CIRBP
CAMK1
COTL1
COL9A3
COL9A2
COX17
RAB33A
CCNI
HNRNPD
HNRNPD
TOB2
SCARB2
NID2
LRP8
IL18
IL18
DPYS
DAG1
VEZF1
PDE1C
DSG2
DGCR6
TRIM29
VGLL4
VGLL4
BOP1
UBE4A
SERTAD2
Sep-06
Sep-06
Sep-06
TRIM14
KEAP1
URB2
DHX34
MORC3
SAFB2
EIF3A
FAM53B
KIAA0141
ARHGEF7
ARHGEF7
EFR3A
UBAP2L
UBAP2L
SPIDR
GIT2
GIT2
GIT2
IKBKE
MLEC
TTLL12
POLA2
DOC2A
DOCK1
TFDP1
TFDP2
TFDP2
SIM2
WRN
FHL2
FHL2
CRMP1
CRMP1
DPYSL3
ICT1
BTG3
DCTN1
DYNC1H1
NPAT
E2F2
LY6D
EIF2B1
EIF4A2
EIF4A2
TCEB3
MAP7
MAP7
CTTN
CTTN
ENDOG
FLOT2
RCN2
TRIM25
PTK2B
FASTK
FGL2
FLNC
FKBP8
FAM50A
FRG1
FZD2
GNA13
GAMT
GALE
GAS6
GCKR
GK2
PDE3A
GALNT3
PIGH
CAPRIN1
GRB14
GRB7
BECN1
HES1
NFE2L1
RBM39
NEDD9
FGFBP1
SPARCL1
FAT1
HABP2
HLTF
SQLE
HNF4G
SLC29A2
PDIA5
PRPSAP1
PRPSAP1
DHX8
SEMA3A
DMC1
MCM6
HSP90AA2P
ITPR2
ITPR3
DSC3
ELAVL3
MXD4
ZNF267
ZNF268
ZNF234
ZNF235
ZNF460
ZNF273
NBR1
INSL4
INPP5A
ITPR1
ITPR1
ITPR1
RASA3
PLS1
IRF3
LAGE3
KIAA0100
TRIP12
TRIP12
PUM1
PUM1
ESPL1
MDC1
CLINT1
CLINT1
KANK1
TTLL4
MELK
KCTD2
SMC1A
RRP1B
NCOA6
GSE1
DIP2A
PDCD11
GINS1
BMS1
LPIN1
USP10
MESDC2
GANAB
GANAB
RFTN1
MBTPS1
KCNAB1
MFSD10
PPP2R5D
LBR
COG2
MVP
STAT4
LTBP1
LTBP1
HLX
CBX2
GOLGB1
GOLGB1
GOLGB1
GOLGB1
CASP8
CASP8
CASP8
NAA30
KIF22
MEF2D
CHD4
LASP1
STARD3
ARID5B
MTF1
CRYM
PTGR1
ZNF169
NFATC4
NFIX
GPNMB
RAB39A
ZNF638
KPNB1
NOLC1
NOLC1
NOLC1
NUMA1
NUMA1
NUMA1
NR1D2
PSME4
CUL7
CUL7
SHPRH
SLMAP
SLMAP
SLMAP
SLMAP
GAPVD1
GAPVD1
GAPVD1
GAPVD1
GAPVD1
ARHGAP19
CLCA4
UBXN2B
ATXN7L3
TMEM180
NAA25
C16orf72
FASTKD3
HEPACAM
NCAPH
KIAA0101
SPCS2
EMC2
WTAP
PSMD6
HERPUD1
LAPTM4A
MAD2L1BP
MORF4L2
FAM175B
Sep-02
SART3
NCAPD2
SUZ12
EXOSC7
TNIP1
EFTUD2
LARS2
R3HDM1
R3HDM1
HERC3
TRAM2
SNX17
DAZAP2
DAZAP2
JOSD1
ARL6IP1
RAB3GAP1
SLC39A14
KARS
SETDB1
LRRC14
RRS1
IQCB1
ARHGEF6
POLD3
EIF4H
EIF4H
ACAP2
KIF14
BRD3
WDR43
POSTN
ACOX1
ACOX1
ZNF146
EEA1
NCF4
PDIA6
PAFAH1B3
PLCL1
PCOLCE
PDK1
PDK2
PDK3
PEA15
PGM5
EBP
PMVK
CDK10
PRKD1
PLCB4
PLEC
PLEC
PLEC
PLEC
PLEC
PLEC
PLEC
PCM1
PCM1
PON3
TCEAL1
PPP2R5A
PPP2R5B
PPA1
PTGES3
PDGFRL
STK38
PVRL1
NONO
PTPRR
PPP2R4
PPP2R4
PTPRK
PWP2
QPRT
RABEP1
RABEP1
RAB35
RBBP5
RCN1
ERBB4
IRF4
RALBP1
ZMYND11
ZMYND11
E2F5
LLGL1
TTF1
TMED2
PCBP1
PCBP2
PCBP2
PCBP2
PCBP2
PCBP2
TCEB1
TCEB2
EPHA7
EPHA7
RHEB
UBE3C
TOMM20
ANGPT1
MTFR1
DHCR24
SF3B3
SF3B3
KIAA0020
DLGAP5
DLGAP5
RSU1
NR6A1
CNN3
SAFB
SAFB
SF3B4
SF3A2
RBMS2
PPP1R7
PPP1R7
SEC23A
SEC23B
CYTH1
SF3A1
SHB
SHH
STIL
SIX1
SKIV2L
RGN
SPA17
SURF1
SURF2
MED22
SS18
TAF5
TAF13
TAF11
TAF7
TERF2
MAPRE2
MAPRE2
TCEA2
TEAD4
TEAD2
TESK1
TAF1C
TAF1A
TGFBI
TGIF1
NCOA2
SLC9A3R2
SLC9A3R2
SLC9A3R2
DIXDC1
TRADD
TRAM1
TSN
TARBP2
TARBP2
SF1
SF1
SF1
TRIP10
TRIP10
TRIP11
TRIP13
OASL
MED1
ZNHIT3
TRIP4
HMGN3
JMJD1C
NFKBIB
TRIP6
TWIST1
PTPN14
MAPRE1
ZRSR2
ZNF174
ALX1
TSC22D1
TSC22D1
ELAVL1
ELF2
ELF2
INPP5J
NSDHL
NAB2
MYLK
MYLK
MYLK
TAB1
HERC1
SLC1A5
MAPK11
EFNB3
RAB30
SPEG
SPEG
MLF2
ZKSCAN8
MPPED2
TOMM34
NCOA1
SMAD2
SMAD1
MSMO1
ITSN1
ITSN1
TBCE
TBCC
NPTX1
UBE2V2
STXBP2
CCDC85B
VAMP3
KCNJ8
NEDD8
ADIRF
USF2
USF2
SCN9A
ATP6AP1
VPS72
RAB11B
EZH2
ZFHX3
ZBTB6
ZNF141
ZNF77
ZYX
ZNF124
ETFDH
Sep-07
Sep-07
ADRM1
CCDC6
ENOX2
UAP1
UAP1
NFE2L2
E2F4
IGFBP7
NTRK3
PDCD2
SLC15A2
INA
EXT1
PSMD5
TNXA
PKN1
PKN2
PKN2
TAF12
CRY1
CSRP2
DDB1
SNAPC1
PPP2R5E
PPP2R5E
MAPK14
MAPK14
MRPL23
CDC37
PCSK7
DPYSL2
SNRNP35
SYPL1
CAMK4
RBBP7
RBBP7
MAP3K11
SGCB
ZNF74
TAF9
FXN
ZNF239
CALCRL
ECM1
BAK1
STX1A
MEA1
SRSF7
CPSF6
TAZ
SMN1
DBN1
DBN1
DBN1
MAPKAPK3
NFIL3
PDK4
NRF1
FSCN1
MAPK6
HIF1A
IFI16
IFI16
CDKN3
CYP1B1
HIST3H3
DECR1
MAN2A1
NDUFA5
KYNU

UGCG
CLPP
DGKD
TST
UBE2S
QPCT
GSTA3
CCBL1
GUK1
GUK1
HAGH
HAGH
HIST2H2AC
LAMA3
CA9
NDUFA9
ME3
RTN1
PCK2
PTPN21
PTPRO
DUSP7
UPP1
DDR2
HADH
ST3GAL2
PTPRN
CYP51A1
UGP2
UGP2
AOC3
AOC3
DGUOK
ATP6V1F
PFKFB3
PFKFB4
CDO1
UGT8
TXNRD1
TPD52L1
TPD52L1
IMMT
IMMT
IMMT
TATDN3
ARHGAP44
ZNF827
FAM127C
LONRF1
EXOC3L4
CCDC142
FAM98C
TIGD6
GEN1
LY6K
DOK7
ZSWIM7
KNOP1
DUOXA2
FKBP12-Exip2
HNRNPUL2
LONRF2
CSPP1
ARHGAP12
C7orf60
FAM110C
TMEM132A
INF2
INF2
HLA-B
HLA-B
HLA-C
HLA-DRB1
PDS5A
KIAA0753
RFX7
QSER1
CLEC16A
CLEC16A
KIF26B
KIAA1109
ZNF423
KIF7
ARHGAP31
MTHFSD
MTHFSD
MTHFSD
AAK1
KIZ
MPEG1
EXOC3L2
SHROOM1
SLC35G1
SOWAHA
ZNF674
TCTN1
CTC1
ERCC6L
C2orf68
PROSER3
TSR1
VMAC
RALGAPA2
DPY19L1
ZXDC
MPV17L
TYSND1
IAH1
ALG11
CCDC57
QRICH1
RELA
TUSC1
SMU1
ATG2A
ZNF800
HKDC1
KLHL40
CWF19L2
COL28A1
FHOD3
ADAP2
AP5B1
CTU2
PRTG
ZNF284
FER1L6
SLC4A8
UVSSA
HLA-DRB1
HLA-DRB5
HFE
TRIM16L
ANO4
ZNF699
ATHL1
LRRFIP1
LRRFIP1
LRRFIP1
PGS1
C18orf21
LEPRE1
TRMT5
HNRNPA1L2
LPPR5
NDUFAF6
LRRK1
TWISTNB
GFOD2
EDRF1
FAM161A
NBPF1
ZNF829
PCGF3
ZNF791
C1orf106
MAP7D1
MAP7D1
MAP7D1
UAP1L1
SLC25A35
C2orf76
ALKBH6
CHD9
ADPRM
LSM12
TBC1D25
ITPRIPL2
PUS10
ADCK5
HSDL1
ARL13B
ZNF718
ALDH1L2
BBS9
GON4L
GNPTAB
MGAT5B
CCDC88A
CCDC88A
TBRG1
RABL6
VMA21
TUBB8
TIMM50
ZNF260
LGALSL
ZNF568
PARP14
PLEKHN1
MMAA
FUT11
LONRF3
ZNF672
GLYR1
GLYR1
GLYR1
GLYR1
ZFP69
ZBED5
CDNF
MTERF2
TTC31
CRY2
C5orf22
COX19
MAP9
C2CD3
RIC1
GTDC1
SUV420H1
FAM188B
VPS26B
CCSMST1
LARP7
NADK2
FAM229B
CYP27C1
CCDC152
KCTD21
CCDC40
GXYLT1
ACSF3
PREPL
PREPL
CDON
TBC1D10B
TPRN
ANO6
IQCC
PLCH1
FILIP1L
AASDH
DNAL1
ARID4B
KIF1Bbeta
C16orf33
MRPL51
GRIPAP1
GRIPAP1
CBWD6
BCL7A
BCL7A
CCDC58
FLYWCH1
FLYWCH1
AMOT
PABPC1L
TIGD2
GREB1
FNDC1
TMEM259
PAN2
MIDN
C4orf46
LIN52
FAM98B
EPC2
ARHGAP29
ZNF585B
SBK1
PDCD4
SEZ6
FNDC3B
TIGD5
CRTC2
AGPAT9
CEP55
C17orf85
TP53I3
C11orf73
ORMDL2
IFI44L
KLHL12
PHLDA2
SLC44A4
PDLIM3
ZNF394
PLEKHO1
HSD17B12
GLE1
USP39
KLHL22
AGK
SETMAR
TRMT12
AKIRIN2
LACTB2
PYCRL
CCDC92
CCDC92
KLHL26
TSSC1
CDCA8
SMUG1
SOWAHC
LBH
FASTKD1
FBLN7
ANKRD39
BOLA3
TMEM177
COBLL1
COBLL1
COBLL1
HS1BP3
TAF1B
CYBRD1
INO80D
WDR81
SGOL2
ACTBL2
CCDC93
MPV17L2
ZNF385B
SPIN4
ESCO2
EAPP
OCIAD2
SFT2D3
PAN3
PAN3
NAALADL2
SDK2
PLEKHG4
BRDT
HSP90AB4P
HSP90AB2P
HSP90AA5P
HSP90AA4P
DCAF6
RUNDC3A
C18orf25
TMEM41B
TMEM97
ODF2
YIF1B
YIF1B
YIF1B
YIF1B
OXLD1
C19orf54
SLC45A4
FAM133B
ZNF326
C4orf48
C9orf116
TTMP
NOM1
ANKRD20A8P
ZNF805
DALRD3
ZC3H12A
MEST
RILPL1
PDZD11
CENPW
DNAJC21
DNAJC21
SGOL1
PRRT3
ZRANB3
ESCO1
ARSJ
XKR7
TNFAIP8L3
HERC4
PIGG
CT83
BCORL1
TAF7L
PPP6R3
DCAF17
DDX60L
FIGN
ZNF766
KIAA2026
MTX3
RABL3
FAM76B
COQ5
SH3D19
ZNF667
RGAG4
C6orf226
TTC32
EMC4
DHPS
NOMO2
ANKRD36C
EARS2
C3orf38
METTL10
PPM1J
MIA3
MIA3
PITRM1
RALGPS1
NHLRC3
PSMG4
PBX3
MBNL2
WDR44
WDR44
HMGN5
DOCK11
FGD3
PRRC2B
PRRC2B
PRRC2B
AMER1
TJAP1
RRP12
COA6
TOR1AIP1
TOR1AIP1
CEP78
AARS2
TOR2A
IQSEC2
TEX30
KRBOX4
DLG3
SPIN3
UBAP2
PCID2
PCID2
ZNF484
EFHC1
HABP4
ELMO2
GNAS
GNAS
DOPEY1
MIIP
GPRASP1
RPN2
SNX21
SAMD9
COLEC12
UCHL5
SPECC1
SPECC1
SPECC1
RNFT1
SLC35D3
ZNF569
SMEK2
WDR45B
WIPI1
EOGT
SAMD4B
BRMS1L
TBCEL
DNTTIP2
DCAF10
PSMF1
RABGAP1L
RABGAP1L
ELFN2
TTC38
PLEKHA1
ERICH3
S100A2
COX20
HNRNPU
EXOSC6
RBM48
LRRK2
PPM1L
TMEM201
NPDC1
ATAT1
HIPK1
HIATL1
NUP188
PHYHD1
MANEA
HP1BP3
HP1BP3
HP1BP3
VARS2
ABCF1
ZBTB41
SLC25A30
ZMYM1
DACT2
CEP170
CEP170
LDLRAP1
PPP1R15B
TMEM69
CAMK2G
ODR4
ZNF678
SNAPC4
DNLZ
NOL9
NHSL1
NHSL1
CRABP2
C6orf141
GABPB2
FREM2
CEP85L
CELF3
SZT2
HYI
ZNF362
TPRG1L
CC2D1B
CC2D1B
FNBP1L
CAP1
FAM83B
C6orf132
UBXN11
RARS2
THEM4
FKBP15
SLC35F1
HIVEP3
DDX59
ZC3H13
ZC3H13
UTF1
ZDHHC12
C9orf114
OTUD3
C10orf76
PDSS1
ARMC4
MPP7
PDZK1
TMEM63B
GPATCH4
LRIF1
ABCC10
IBA57
HECTD3
RBM20
CERCAM
TMTC4
ZFYVE27
ZFYVE27
SLC39A1
UBR4
STXBP5
SARS
ZNF684
ZNF684
KCNK1
SWT1
CCNJ
KIAA1217
KIAA1217
KIAA1217
ARHGAP21
BEND3
CAMSAP1
MRPL2
AVPI1
ATXN7L2
DCAF12
UBAP2
IDNK
PHF19
PHF19
C9orf64
KIF24
L1TD1
KANK4
GORAB
ZNF618
ZNF618
TSTD2
ERCC6L2
PPP1R26
ACBD5
ACBD5
FAM102B
HENMT1
RBM26
RBM26
RPL7A
IER5L
ATAD3B
FAM102A
WLS
WLS
CCDC18
CFAP43
RNF187
CPSF3L
CPTP
TTC22
SNRPC
UTP14C
DEPDC1
CEP162
FRY
RNASEH2B
BCL2L15
HSPH1
LSM14B
GRTP1
ZBTB37
RC3H1
OGFRL1
CYP4A22
LMNA
MAGI3
TPM2
TPM2
MLK4
TTBK1
SH3PXD2A
FHL5
DDI2
LGSN
C20orf194
ZNF697
HIST2H3PS2
THEMIS2
NDUFAF5
NAGLT1
IFFO2
FAM46A
HEY2
NT5DC1
PXDC1
TMCO4
AHDC1
MINOS1
ARFGEF3
VPS13D
PRR14L
CCDC181
LIN9
ZNF658
CROCC
ANKRD45
ASPHD1
MEX3C
LYRM7
ATF7IP2
C12orf60
GPR157
EMC10
RIF1
VPS53
VPS53
ZNF468
MANEAL
STRIP1
ABHD17B
GKAP1
CEP350
CDC42BPA
CDC42BPA
RPRD2
RPRD2
Mar-01
ANXA8L2
SYDE2
RNF220
RNF220
EEF1A1P5
ANGEL2
PLEKHA6
KLHDC7A
PRPF38B
TTC39B
RNF20
VSIG8
CACHD1
ZNF318
FAM171A1
FAM69B
C1orf53
SFMBT2
LRCH2
EFCAB2
SDHAF4
OTUD1
ARHGEF16
CDKAL1
CDKAL1
KIAA0319
ZNF691
ATRNL1
PPRC1
PLEKHM2
IRAK1BP1
MYSM1
YOD1
NFIB
BROX
FOCAD
PSMD4
TAF3
SNX30
FAM208B
MLIP
DAB2IP
PARD3
LYPLAL1
SAMD13
ARHGEF10L
IER5
ECM29
ZCCHC6
SLX4IP
RNLS
ANKRD22
KIAA1614
DMRTA1
NAA35
MBNL2
C9orf91
LRRC16A
ZMYM4
PDCD4
TPP2
DCLK1
RNF219
USPL1
BSPRY
FAM160B1
ZDHHC20
ZDHHC20
SPRYD7
TTC23
PAPD7
LYSMD4
FAM219B
BTBD8
QIL1
FAM104B
RNF123
FBXO31
FBXW9
ANO1
HLA-DRB1
CD276
FLNA
ALS2CL
ZKSCAN2
TSHZ3
AFMID
PLCXD3
RNF213
AP1AR
EGFLAM
TNS2
KANK2
KANK2
FAM21A
METRNL
LPCAT4
WDR25
STEAP3
FAM91A1
ICE2
LARP1B
LARP1B
CEP135
TBC1D9B
DCAF15
TMEM198
MAP1S
CPZ
E4F1
PPP2R2D
ARL6IP4
KAZN
ATG16L1
B3GNTL1
RAP1GAP2
RAP1GAP2
STEAP4
OLFML2A
ACSM2B
TPGS2
HGSNAT
ARID2
DIEXF
GLT8D1
SEL1L3
TNS3
HAUS3
SLFN13
SPTY2D1
PMS2CL
DENND2C
NCR3LG1
MBLAC2
FMN1
ANKS6
PLA2G4F
LMBRD2
ZNF776
ZFYVE26
MSL1
CRYBG3
KCTD16
INTS3
ZNF57
ARHGAP17
KIAA0895L
CDCA2
NAIF1
NCBP2-AS2
CWF19L1
KIAA1429
SPECC1L
ANKRD34A
C12orf73
ZNF518A
HEATR6
ANKRD40
GLTSCR1L
ZNF324B
WWC2
ZNF660
SCARA3
TRIM68
KDM4D
CYB5R2
UHRF1BP1
AMMECR1L
ATL3
ADAL
PLAG1
RPL7L1
LGALS9C
NXN
TTC19
HIST2H2BD
MCTP2
IQSEC1
CDC42BPG
POLR2M
SUMO4
GTF2IRD2B
VASN
RLTPR
HIST2H2AA3
CIAPIN1
ZFAND6
FAAH2
SMYD5
PTRHD1
LPAR1
OTUD7B
RALGAPA1
RAET1G
ABLIM2
THOC7
SIGIRR
NADSYN1
ELP2
LAMTOR1
DHRS7B
TWF2
NCAPH2
GRAMD4
DESI1
FAM109B
LDOC1L
KIAA0930
TANGO2
JADE1
SNRNP48
CAPRIN2
MRM1
SMEK1
TYW3
CENPP
SPOPL
CCSAP
NAPEPLD
ZNF770
RAB12
PLEKHA7
DENND5A
ADNP2
SDE2
GRHL2
ANO7
STYK1
RCSD1
ACAD10
NIPBL
NIPBL
SLC25A25
PDE12
B4GALNT3
LIN54
PRR5L
FSTL4
CAPN13
TET2
TENM4
ZNF280D
ZNF280D
OGFOD2
NAA16
ALKBH2
CXorf57
KIAA1841
KIAA1161
PHLDB3
LRRC8E
ZSCAN25
SLC18B1
HMBOX1
C5orf45
RHBDD2
PWWP2B
SLC25A24
REEP3
RETSAT
ACSM5
C11orf63
ZNF746
ZNF746
PPP4R4
RINT1
TMEM214
SWSAP1
CDPF1
HIBCH
RWDD4
C3orf17
ZNF544
ARMC6
ARMC6
ESRP1
TTI2
ANKRD54
SLC30A6
TAPT1
KANK3
JMJD6
PPP1R18
FAAP20
MZT2B
PTRF
ZCCHC8
CDC42EP5
RPUSD3
MIS18BP1
MAST2
DHX57
MRPL54
ERAP2
LPCAT3
CDC73
SLC48A1
PMF1
GTF2H2C
FAM117B
MRPL14
SLC27A4
LLGL2
ARMCX5
CC2D1A
TATDN1
METTL2B
MSANTD2
DUS1L
C3orf33
TAF2
C8orf82
ZNF529
MED27
XRRA1
EDC4
CEP85
CEP85
FAHD2B
PNCK
PRMT9
ABCB9
PRPF8
DENND1B
FBXO42
DNAJC24
SCYL2
TTC27
PGBD2
MTFR2
ANXA4
NIPAL3
SFXN4
PLBD1
CASC4
CASC4
FUT10
FDX1L
ARHGAP11A
FAM173B
WDR73
CNNM4
NFRKB
MZT2A
FAHD1
KLC3
C22orf39
PKN3
ANKRD16
ALKBH5
FAM171B
PDXDC1
PDXDC1
PDXDC1
GALNT18
TLDC1
INTS5
LRRC8B
ZNF449
VWA1
RSBN1L
ABHD17C
SLC27A1
EMB
RFWD3
PGM2L1
CTR9
AAGAB
FAM199X
ZNF613
TRMT10B
PSRC1
TTC37
BORA
C16orf87
DCUN1D2
ULK3
IYD
SHQ1
KCTD18
DARS2
BHLHB9
TMEM65
INO80C
TTC33
KLHDC10
MYO7B
CCDC174
HAGHL
FBXO38
FBXO38
FBXO38
NCEH1
FIGNL1
PAPD4
SPSB3
FBXO46
TRIM65
RHBDF2
ELMSAN1
BRAT1
LRFN4
WDR59
DCLRE1A
ZC3H14
ZC3H14
ZC3H14
ZC3H14
ZC3H14
CNST
CCDC137
OGFOD3
ZNF773
TXNDC11
LARP1
ATAD2
TMED8
SLC30A9
CPLX2
TRAF7
CRIP3
APOA5
DEGS2
PAOX
GPR133
BLOC1S3
BLOC1S2
ZBED9
RICTOR
WDR74
BRWD3
AGTRAP
POTEE
FAM111B
SAMD1
SMARCD3
SARM1
LPPR3
NHS
KLHL17
KLHL24
ZNF322
METAP1D
MTHFD1L
ANKRD12
ANKRD11
AFTPH
FIP1L1
FIP1L1
FIP1L1
CRTC3
CRTC3
CRTC1
SASS6
CSPG4
KCNT2
MOXD1
CYP20A1
ATRAID
KDELC1
TMEM205
UQCC3
IL27RA
LRSAM1
TEX261
PARM1
TMCO3
CD164L2
SPINK6
DHRS11
LCLAT1
ENPP6
PET117
GLB1L
C6orf89
HHIPL2
ARSK
FAM175A
CWC27
OLFM4
DHRS13
LAYN
DRAM2
PLXDC2
B3GNT9
PI16
KIAA1324
C19orf80
CRELD2
VIT
NPNT
ISLR2
LRRN1
LRIG3
WDR82
FAM151B
ABHD15
BAIAP2L2
FAT4
DPP8
ZNF562
WASH2P
ATF7IP
ATF7IP
NHLRC1
PACS1
BCOR
MPRIP
MPRIP
MPRIP
RAB11FIP1
CHRDL2
IGSF10
ZYG11A
NSMF
RBMS3
NAPRT
DSTYK
DNMBP
HACD2
B3GALTL
DNAJC14
GIGYF2
GIGYF2
SLC36A4
CD109
THADA
HSDL2
CCBL2
TMEM184A
CERS6
SLC39A5
PPP1R21
THSD4
AATK
LDHAL6A
STAC2
KDM7A
TRIM72
EML6
RNF19B
SYNE3
MEX3B
ZNF813
MAP3K15
AEBP2
ZNF841
MACC1
BNC2
TPM1
UNC5A
DEF8
ZNF574
ZNF836
RNF111
FRRS1
NFXL1
ZNF704
MBOAT1
ATG14
ZNF620
ZNF600
NBEAL2
FGD5
GDPGP1

CCDC64
DPY19L3
FOXI2
SLCO4C1
LIAT1
C15orf39
C15orf39
ARHGAP36
QSOX2
SRCAP
FAM83H
RBPMS2
RINL
NBEAL1
WDFY4
GK5
ZBTB49
RBM43
C1orf122
MFSD6
PPP1R3F
ARHGEF18
TSHZ1
TBC1D9
UBR3
TMPPE
TTLL7
ANKRD13D
EP400NL
TPGS1
UBN2
CEP128
PIK3AP1
ARHGAP27
CCDC149
C11orf57
C15orf52
DENND5B
LHFPL2
PNPLA7
LANCL3
FGD6
NYAP1
GPRIN3
ESPNL
NUDT18
KIAA1549L
TOM1L2
NCCRP1
ASB18
SYDE1
PAXIP1
BBS12
ANKS3
PLEKHM3
STXBP4
CYP4V2
MBOAT2
TMTC3
GTF2H5
MYB
VPS13C
ACAD11
USP34
USP30
USP31
RAPH1
RAPH1
USP53
USP51
USP54
USP45
USP43
SLC25A26
MOB2
UNC13D
CHSY3
CREB3L2
IKBIP
IKBIP
FRA10AC1
UBE2R2
KCTD1
HIST2H3A
CENPU
MED13L
LARP4
LARP4
TMUB2
MED25
TUBA1A
H2AFV
RPS27L
CBLL1
CBLL1
INTS8
PGAP1
ANO5
GAREML
MTSS1L
NOL8
PDZD4
B4GALNT4
ASXL2
ADAMTS13
CCDC80
CEP68
HECW1
KNDC1
BTN2A1
SUPT6H
SUPT6H
SND1
MARK2
MARK2
MARK2
MARK2
COX15
DDX46
RUFY3
RUFY3
SV2A
TRMT10C
BZW1
CYB5R4
MON1B
LRRC8D
ABHD13
ASRGL1
KCTD9
DHX30
DHX30
EIF3M
EIF3M
MEPCE
C16orf59
ZNF765
CENPQ
ARMCX2
CDC37L1
ZNF771
PARS2
BOP
FAM73B
RSRC2
BEND5
ARMCX6
RRAGA
CYFIP1
MCM10
NDUFAF7
GET4
GDPD3
LPCAT2
ENOSF1
DET1
MAEA
EPM2AIP1
HIST3H2A
DHX32
TAOK1
RAB11FIP2
SH3BP5L
FASTKD5
DPH6
ZNF627
EEPD1
MOB1B
KDM3B
CHMP1B
RASGRP2
CXXC5
CHST15
RRM2B
HS2ST1
CHST3
STRADA
STRADA
NIPA1
MICAL3
BHLHA15
DYM
PHF5A
ZNF367
AAED1
SLC16A9
LPPR4
APTX
APTX
ERMP1
GPRIN1
TRMT1L
ZC3HAV1
TRPM8
MRPL21
PID1
TICRR
EFTUD1
MAMDC2
FAM122B
SETX
HDX
DPY19L4
TRAPPC11
ZNF550
NEGR1
NUP54
ATG9A
LYSMD3
C14orf159
CCDC186
ARMC9
PRICKLE2
ZNF572
C16orf62
RGPD4
POGZ
MIER3
ZFYVE16
MON2
MON2
UBE3B
DENND4A
DENND4A
TMC6
MYH14
PEX26
NUFIP2
SZRD1
GRINA
MAVS
MAVS
CYP2U1
CLASP1
CLASP1
CLASP1
DHX29
NPHP3
LRP10
COMMD6
TRMT11
HDDC2
HAUS6
KDELC2
LIMS2
LIMS2
TRIM46
TTC21B
P4HA3
HEATR3
C6orf120
KIF21A
KIF21A
ZNF438
HDGFRP2
HDGFRP2
DCXR
BRAP
EMSY
AKNA
GOLGA7
ARHGAP22
RAI1
WAPAL
WAPAL
R3HCC1L
PODN
IRF2BP2
IRF2BP2
HSD17B13
CPEB2
CPEB2
WDR53
BCDIN3D
KCTD20
CAMKMT
NET1
SPRED2
SPRED1
CCDC91
SRGAP1
SRGAP1
RBBP6
NECAB2
ANKS1B
C5orf24
SH3RF1
GRASP
FGD2
UBE3D
TSEN54
THAP5
PTAR1
ARPIN
PRRT2
TECPR1
RABEPK
FBXO33
MTERF4
TFAP2D
ADAT2
HUWE1
HUWE1
PLEKHH3
YTHDF3
CNTRL
CTU1
PXK
FILIP1
PIGW
TAF8
UBE2Q1
KIAA0907
MRPL55
VPS13B
TMED4
MRPL10
CMC1
CENPV
CENPV
SLFN11
ZER1
MEGF8
GALNT5
TMEM179B
PCGF5
GALNT7
AMIGO2
DSG4
SCD5
PHLDB2
PHLDB2
GPR126
SDCCAG8
DHDDS
GALNT10
ILDR1
C14orf80
GLRX5
TRAPPC6B
TMEM55B
CROCCP2
ZBTB33
USP37
KIAA1328
MOB3B
ALPK2
PATL1
MYPN
LUZP2
TBC1D1
DPP9
DPP9
TADA2B
ZNF554
ATG4D
SYVN1
TRPT1
PRUNE
MRPL52
SETD3
TTC7B
ADCK1
ACOT1
RBM23
ISCA2
NOP9
PABPN1
METTL3
LDB1
LDB1
PBRM1
YRDC
PRPF39
RPAIN
TMEM135
SAPCD2
OAF
ZNF329
MTDH
TLK2
TLK2
TSPAN33
ABCA12
ZNF598
ZNF598
ZNF598
AGPAT6
MAGI2
RTN4RL2
CDH24
KTN1
KTN1
KTN1
ZFHX4
ZNF589
NOXA1
RIMS1
RIMS1
SMG6
NLRX1
CCDC84
BCL9L
PHLDB1
USP48
USP48
N4BP2
DTX2
DTX2
STK32C
FERMT3
FAM83A
NAA40
NT5DC3
ZBTB46
CASZ1
FAM35A
AACS
AACS
ADIPOR2
VASH2
TRABD2A
FAM124A
LUZP1
ALYREF
GPR180
PIM3
FAM160B2
MDP1
KBTBD6
CD163
SLC25A42
MYPOP
C11orf74
KIF27
IQGAP3
ZNF410
ZNF410
VPS36
TAX1BP1
PACS2
CAND1
LCA5
GLCCI1
TXNRD3
FAM134C
VSIG10L
HOOK3
COMTD1
RTTN
SESTD1
ARHGEF25
COMMD7
MON1A
TSPYL5
WDR5B
LRP11
ZSCAN30
TPRA1
AMZ2
THOC6
METTL16
PDCD6
SPATA24
PARG
PPFIBP1
PPFIBP1
BPHL
LONP2
SLC26A11
ZC3HC1
OSTM1
SBF2
RASSF3
NLRC5
CHD1L
FCHSD1
NR2C2AP
CCDC25
PROSER2
TTC30A
LDHD
TEN1
TMEM173
CCDC43
COA5
RPS19BP1
ZNF227
CDR2L
RALGAPB
RALGAPB
HORMAD1
RALGPS2
LSR
LRRC28
CHSY1
ERICH1
CARM1
NIT1
COMMD2
CIR1
MICU3
HOGA1
NCAPG2
GAS2L3
JRK
FBXO11
SFR1
SFR1
ANKLE2
PROSER1
MEX3D
PLA2G4D
DGKH
DDX42
DDX42
TICAM2
CEP57
FRAS1
SPATS2
VRK2
DZIP3
CACUL1
NDUFA11
DNAAF5
PTRH1
STX12
KIF18B
SUV420H2
ZGRF1
ERO1LB
PALB2
PTOV1
ZNF573
DZIP1
ZNF280B
PDSS2
PHF13
ANKRD13B
TDRP
HOMER1
DOLPP1
PPARGC1B
PPARGC1B
GATAD2A
HZGJ
CPNE8
RAB11FIP4
RAB43
C2CD5
C2CD5
SLC13A5
MIB1
RASAL3
SGK223
HPS6
KLB
CCDC125
DCP2
TMPRSS6
IRF2BP1
CAMK1D
RHPN2
TICAM1
GALNT13
ERC1
ERC1
RNF135
HIST2H2AB
CBWD2
MINA
RBM45
RBM45
ZDHHC13
ZDHHC17
CRLF3
CRLF3
CLVS1
SIAH1
TRAPPC5
ARMC8
ARMC8
EPHX4
SPATA2L
RELL1
TMEM126B
TMEM126B
AEBP1
LRRC49
PHYKPL
SYT12
LURAP1L
PLD3
LACC1
CCDC71
ANKMY2
ERI1
LYSMD2
DENND1C
PRR15
VRK3
SLC9A9
LIX1L
ZNF584
NUDCD3
PLEKHH2
AHNAK2
AHNAK2
TIAM2
ANKRD18A
FMNL3
SAMD9L
FOXP4
MAP4K3
MAP4K3
NOSTRIN
SLC41A1
NAV3
NAV2
LEPREL1
LEPREL2
CCDC50
CCDC50
SLC22A9
FUNDC1
ZDHHC21
MCAT
GLYCTK
MISP
KSR1
HERC6
GID4
ARID3B
APLF
CEP97
ZNF695
MAPKAPK5
MAPKAPK5
CARKD
FAM219A
FAM219A
SLITRK4
GLB1L2
ARHGEF19
WDR75
SLC44A2
ITPRIP
WDFY1
TEX2
MAP7D3
CCDC117
FAM114A1
DCUN1D3
FOXRED2
DENND6A
MGA
MGA
GCC2
GPR125
HSCB
BRSK2
ZC3H7A
PHF6
ZBTB8OS
LRRC8A
LMTK2
SULF2
CNTN4
UBR1
UBR2
ARHGAP12
ADHFE1
CHERP
SCUBE1
TTBK2
ZSCAN29
CDAN1
ANKHD1
ANKHD1
ANKHD1
ANKHD1
BBS7
SUGP1
SUGP2
WWC1
UEVLD
ZFPM1
CCAR1
HOMEZ
DHX40
FAM178A
ZNF296
SKA3
DNAJC10
RHOT2
RHOT1
RHOT1
RHOT1
RHOT1
SIRT2
ASXL1
FAM20C
MSRB3
BAP18
BAP18
MRPL41
NRM
RIMKLA
C9orf40
KLHL7
PARP9
METTL20
PALM2
PALM2
FAM126B
RBM12B
SLC35F2
KLHDC8B
RPAP2
TMEM183A
ZC3H3
PNPLA6
SMC5
DDX60
CMIP
PPAPDC2
IFT20
MICALL2
DHX37
AMN1
KBTBD2
SLC35F3
TIGD4
YAF2
AMOTL1
RAVER1
FTSJ3
SLX4
TMEM192
CKAP2L
MKX
MB21D2
SMAP1
SMAP1
DIS3L2
SUPV3L1
GSPT2
FANCM
ZZZ3
EXOC8
ZNF440
PIANP
SYTL1
COLGALT2
TRMT44
C1orf174
SLFN12
TRIM22
TCEAL8
UBALD2
THNSL1
SMYD4
GRAMD1C
PM20D2
KIAA2013
CMTR2
ULK2
HACE1
MICU2
RNF168
DZIP1L
ANKRD13A
ZBED8
PHACTR4
PHACTR4
RCOR2
RASEF
CHPF
TRMT2A
RPUSD2
ELMOD2
ALDH16A1
KIAA0319L
RTKN2
ZNF101
KMT2E
DCP1B
SCYL3
GPR116
XRN1
UNC5B
CPAMD8
MCOLN2
PELP1
CDK20
ZNF654
SLC38A6
ZDHHC14
ABI1
ST13P4
GPR64
WDFY3
SELH
MYOCD
CMTM4
CACNA2D3
ASPM
DSEL
CMTM8
RDH10
TNS4
ABCA7
RPL13a
CENPL
C8orf59
FAM185A
VKORC1L1
RBFA
GCNT2
FUK
CLYBL
SPG20
ZNF444
ZNF444
PGAM4
SPICE1
TTC5
PUSL1
VSIG10
MIER1
MIER1
SHISA5
RPTOR
FAM177A1
CNPY4
CNTROB
ORMDL3
ABCA6
ZFP82
ADSSL1
AHI1
NAGS
CCAR2
PDIK1L
NDUFAF2
ZNF567
SIX5
C4orf33
FAM58A
VPS52
FBXL14
NUP93
STK11IP
ZNF687
REXO1
CMTR1
LRRC47
DOCK4
CA13
CFAP52
ARHGEF28
ZNF710
INTS1
HIST3H2BB
PROM2
PLD6
VWDE
ARMC10
ARMC10
LYPD1
ZCCHC24
GHDC
PYROXD2
STK40
ABHD12
UBE2J2
OSR2
FAM43A
PIAS4
RUSC2
APITD1
CCDC23
AGGF1
GPD1L
MIER2
DOS
SLC35F6
SLC43A2
KDM8
ARHGAP18
PARP8
ASCC3
CLIP4
EHBP1L1
PLCD3
MTURN
MICALL1
BBS5
METTL4
C17orf53
CADM2
ZNF664
TXLNB
TCAIM
MPP5
PHTF2
TMEM132C
STAG2
STAG2
SYNPO
SYNPO
FNBP4
LCORL
FBXW8
GYLTL1B
GTPBP8
ZCCHC7
FGFRL1
GUF1
LNX2
FBXL16
D2HGDH
SFRP1
RYBP
PNKD
PNKD
FAM109A
NIN
MINK1
TOMM5
C9orf41
TMEM55A
KLHL36
TTC30B
HDDC3
ZADH2
CHCHD4
CCDC82
CPA6
ARHGEF39
CBR4
TCP11L2
MMGT1
ZNF808
AFAP1L2
CRACR2B
RAB42
TMEM199
FBXL6
FIBCD1
OGFOD1
ZNF276
AFAP1
MREG
ZCCHC9
DCLK2
OXR1
OXR1
OXR1
OXR1
TTC39C
ZNF561
MPND
ZGPAT
CERS5
SRBD1
DTWD1
TAB3
WDTC1
NKAP
SMIM20
TMEM57
FAM89B
SH2D3C
ARRDC1
DHRSX
FAM63A
CISD2
RPP25L
ATPAF2
TTC9C
MRPL50
ZC3H8
CAMKK1
TBC1D19
RNF10
NGEF
NGEF
FAM101B
EIF4E3
MSL3
PARP16
AADAT
KCTD17
DPP10
FAM160A2
FAM160A2
LZTR1
C10orf12
COMMD1
ZBTB2
CPSF7
CPSF7
SLC15A4
IGSF1
WBSCR27
CSGALNACT2
ADAMTSL1
ARFGAP2
EID2
KRTCAP2
OTUD6B
FITM2
AOPEP
TTC9B
C1orf52
NATD1
ACBD7
METTL25
METTL13
ANKRD13C
ARL6IP6
ARFGAP1
SIRT6
TEX9
LRRC17
ZNF655
CDKN2A
CSNK1A1L
EMC1
PACRGL
PAF1
CCNYL1
BEND7
MAGEB6
UBR7
ZNF611
ZNF713
ZNF614
MB21D1
ANKRD44
DDX51
TCEANC
PDCD7
ZNF513
CEP112
C4orf32
KIAA1958
KIAA1958
ARL10
PTGR2
ENDOV
NIPA2
SLC25A29
C2orf69
ARL14EP
ENAH
ENAH
CDYL2
BMPER
GBP7
ANKS4B
ATP6V0D2
DCBLD1
PRELID2
GPATCH11
CEP120
ABTB2
MRPL43
MRPL43
MRPL43
ZNF557
C12orf29
CNEP1R1
CNEP1R1
JMY
FAM133A
NAT8L
GDPD1
ZNF454
EXD3
DTX3
ZNF565
ACOT4
C19orf47
TMEM102
ASCC1
BANP
LRRC57
EIF1AD
SREK1IP1
SCAI
KRI1
TC2N
WDSUB1
CCDC71L
FSIP1
MFSD2A
ZNF383
POC5
ATG16L2
ZNF579
ANKLE1
ZBTB38
C5orf17
POMGNT2
PRPF38A
USP38
ZNF511
MLKL
FAM184A
PDDC1
ANKRD52
ATP11C
ZFP62
KDM1B
SPATA5
FANCB
DTWD2
TMEM229B
KLHL23
NHLRC2
AVL9
SLC43A3
XXYLT1
GOLM1
COLGALT1
SUMF1
POGLUT1
UBAC2
PCYOX1L
TMEM87A
RDH13
TTC13
MFSD9
PCSK9
HSD17B11
FAM63B
SLC4A11
TXNDC5
POC1A
SPC24
ATAD1
PPAPDC3
SLC38A9
SCCPDH
INO80E
UXS1
ACBD4
ZNF114
RNF149
FAM134A
SERBP1
SERBP1
SERBP1
KCT2
LEMD2
NOA1
NETO2
KCTD6
RBBP8NL
NECAP1
FAM98A
ZNF784
CAMKV
PLA2G15
HJURP
TSEN2
MTMR14
MTMR14
NFATC2IP
DAGLB
CHST14
ZNF485
GALNT6
DYNC2H1
RNF169
PDPR
B3GALNT2
CLRN3
LINC00116
APOA1BP
GALNT11
MSANTD4
SMG8
LRRC16B
RNF214
PPFIBP2
LSM14A
LSM14A
GIMAP8
CCNY
ZNF280C
PNMA1
FAM156A
MAPK1IP1L
C1orf131
C1orf131
PAPD5
TDRD9
NPEPL1
EHBP1
AGBL5
RCBTB1
RBM15B
SMC1B
TNRC6A
ZNF248
TTC21A
PHC3
ZNF740
C3orf58
CNNM3
SETD9
CPEB3
CHDH
ABCF1
BVES
MCU
TM4SF1
GLIS3
GMCL1P1
PIK3C3
GSTCD
CCDC112
SRFBP1
DENND6B
MNS1
NGDN
ZNF548
DDHD1
DDHD1
ZNF680
SHCBP1
SUPT20H
PDZD8
ZNF555
LFNG
CHST13
APPL2
EXPH5
SLC30A7
NAV1
NAV1
ATP6V1C2
PPHLN1
PPHLN1
VPS37A
WDR19
KMT2C
FBXO22
LPCAT1
DOCK8
ZMIZ2
ANKRD20A12P
SYNE1
SYNE1
ZNF397
USP32
NOXO1
BOD1L1
ARID1B
FLAD1
FLAD1
FLCN
NUP43
NUP37
NUP35
REPS2
ENGASE
GPRC5A
BBS1
MDGA1
TOR1AIP2
STEAP2
DBF4B
DNER
BEST2
TSTD1
TSTD1
IPMK
TET1
ABHD11
CMAS
MYRIP
STXBP6
SEMA6D
KBTBD8
FBXO18
NLGN2
TNIP2
CADM4
HELB
TSPAN14
PJA1
CASC5
LINS
NEK11
TTL
SVIP
ZNRF2
ATL2
KDM2B
AKR7L
MOSPD2
PLBD2
CEP70
RASSF8
DDX55
MFSD8
SGMS2
TDRD7
GIMAP7
NEDD1
NEDD1
TPCN2
B4GALNT2
RFWD2
CDC26
NCOA7
NCOA7
MCFD2
THOC2
INADL
PPTC7
ADCK3
KIF18A
ANGPTL6
RP9
ZNF563
GRPEL2
VANGL1
C1orf216
RFESD
JOSD2
SLC30A5
OCC1
SNIP1
GADD45GIP1
WDR48
EXOC6
GABPB2
BBS10
CEP76
PPP1R35
MPLKIP
SMARCC2
ZNF420
UHMK1
FGFBP3
NEIL3
NPLOC4
ZNF417
FAM76A
CXorf38
SPATA20
SPATA20
GDAP1
NUBPL
ABHD4
DEPTOR
FBXO30
SLC35B2
PUM2
PUM2
ITFG1
GOLGA5
LNX1
KLHDC4
SLC7A14
UBA3
UBA3
BAHD1
SLC35G2
NANP
FAM213B
ZCRB1
PIGX
ETNPPL
SETD6
ZCCHC10
DNAJB14
RAB3IL1
RAB3IL1
TBC1D16
FAM174A
SLC25A40
TMEM167A
PIP4K2C
WDR20
ZNF502
TRMT10A
ZNF564
MDM1
TBC1D15
RDH11
TMEM163
RNF217
POC1B
FAM110B
ENOX1
LRRC20
IFI44
METTL6
MRPL30
C18orf32
NT5C
FAM45A
ZFAND1
PI4K2B
CPT1C
STT3B
FAM200A
PNPT1
CERK
PHOSPHO1
SPPL3
SPPL2B
SPPL2A
HM13
HM13
ALMS1
PREX1
DYNC2LI1
DYNC2LI1
RHPN1
URGCP
URGCP
CD99L2
RAET1E
MAPK15
MIPOL1
BICD2
BICD2
ZNF398
NEK9
SLC2A12
SFXN5
ZNF675
CHD6
GPT2
CCHCR1
TRPM4
PLEKHO2
DTX3L
MYOZ3
BRSK1
DDX54
DDX54
MCOLN3
HELQ
BLOC1S5
CHD5
DMXL2
BCAS4
DLG5
CABLES1
BRIX1
RNASEH2C
GNPDA2
TRAF3IP1
STK35
LRRC8C
SYTL5
CSGALNACT1
NEK7
RB1CC1
ASAP3
MICAL1
ELP5
PANK1
ADAMTS15
ADAMTS19
EPS8L3
EPS8L1
MORC4
SSH3
SH3TC1
DQX1
NSUN6
TBCK
DTD1
DCAF11
RNF128
RHBDD1
SH3RF2
UTP15
GPX8
AFAP1L1
DENND1A
DENND1A
DOT1L
TRPC4AP
NUP210
CEP192
SNX29
GEMIN5
PIGO
ARHGEF40
ARHGEF40
FBF1
GANC
RAPGEF6
SMCR8
PARD3
PARD3
PARD3B
IPO4
CREB3L4
USP33
USP33
PNISR
PPP4R1
ZNF721
ANKRD24
WHAMM
ZNF431
ZNF483
FNIP1
UBASH3B
DIS3L
ZFP90
ZNF526
FBXO41
GIPC3
GIPC2
LRRC15
ZNF384
ZNF384
SLC16A10
SHROOM3
WIPF2
GSG2
AEN
DUSP19
GDPD5
ZNF473
ABHD5
SETD7
NOC3L
THAP3
COG1
NPRL2
PYROXD1
RNF139
FRS2
MZB1
FAM222B
ABHD3
SCFD2
SMAP2
ZC3H15
PPIL4
GTF3C2
TBC1D22A
TSKU
FAM216A
PHF10
RAB2B
CCDC12
CHPT1
PPP1R13L
FAM172A
SLC22A17
TGFBRAP1
TMEM263
HDAC7
STYX
CYB5D2
PTPMT1
NUP133
PDCD6IP
PDCD6IP
SLC20A1
UBTD2
FBLIM1
CACTIN
C15orf40
SLC25A43
ZNF296
GATAD1
BRK1
SLC38A5
CHAC2
CHMP7
THEM6
PRUNE2
NAT14
DEPDC1B
BCL7C
BCL7C
ORAOV1
DCAF4
NSMCE1
PHLDA1
BLNK
ZNF480
SNX33
TRIM41
CCDC107
PTCD2
NUDT8
MITD1
LACE1
ZFAND2B
HEXDC
CHTF18
LEO1
RPS21
RNF138
RNF141
N6AMT2
OSCP1
SMIM4
NUDCD2
TWIST2
SNRNP27
SKA2
ANKRD49
TFB1M
STAG1
SCFD1
SECTM1
UBE2Q2
TNFAIP8L1
LMBR1
CANT1
C7orf43
WDR60
TRAPPC12
POF1B
BTN2A2
HNRNPLL
HNRNPLL
C4orf3
FAR1
UBLCP1
KBTBD7
TSEN15
PCNP
DNAJA4
TCTEX1D2
APH1B
FAM151A
SPRYD4
GLMP
C2orf47
TRUB1
LMO7
SLC44A1
CKAP2
CKAP2
SPIRE2
CCNB3
ATXN2L
ATXN2L
CYGB
ARAP3
PHIP
STAB2
NEU4
RTN4IP1
RASSF5
PRPF31
ABCA5
OIT3
NELFB
PALLD
PALLD
RUFY2
SREK1
METTL21A
MYEOV2
MYEOV2
SCG3
GEMIN6
CASKIN1
CASKIN2
ATRIP
STON2
PSPC1
ATL1
MADD
MADD
MADD
GPR98
SYNE2
SYNE2
SOCS4
CNKSR2
ACOT11
MUC16
GATAD2B
ASB13
DYX1C1
PIBF1
DNAJC9
AUTS2
BRI3BP
BBX
NANOS1
PPM1E
THAP4
IFT81
KAT6B
ING5
ACOT12
JDP2
SSH1
ATG4A
RIN2
AHCTF1
DGCR8
ZCCHC14
KCTD13
ARAP2
RFFL
CTTNBP2
OVCA2
LZIC
POMGNT1
RAPGEF4
IRGQ
ST8SIA4
DDB2
AQP3
SMPDL3A
SMPDL3B
DDX1
SEC14L1
SLC39A7
HSD17B8
PIEZO1
FAM3C
H1FX
CCT6B
PSMF1
PIGC
SLC7A6
GBF1
GBF1
GBF1
LPIN2
SMG7
RTF1
NCSTN
SNX19
TMEM131
RGP1
TOPBP1
IP6K1
MRPS27
ELMO1
WASF1
BAP1
FIG4
DCUN1D4
FAM168A
NR4A3
AP3S1
TSC1
UBXN4
PHF3
PHF3
SLC9A6
SLC9A6
MAML1
NDRG1
HSPH1
HSPH1
Sep-08
RQCD1
LPGAT1
DOCK2
TBC1D5
ZNF592
EDEM1
JADE3
MYO18A
LARP4B
GCN1L1
ZNF516
HMHA1
DHX38
NUP205
KIAA0226
APPBP2
ANKS1A
PXDN
KIAA0232
DYRK2
NSMAF
PIGK
GTF3A
MRPS31
AKAP1
SORL1
CENPI
RSC1A1
ALG3
NRGN
ANP32B
PVRL2
PVRL2
RABGGTA
RAD54L
PTPRU
PRCC
TFG
RYR2
USP6NL
HTRA1
ARPC1A
RORB
GTF2H4
RREB1
RREB1
HDAC2
DDX12P
STAM
DPF2
PROX1
LEPREL4
CREBBP
KAT6A
DLG3
SYMPK
EZH1
N4BP2L2
TAF15
GOLGA1
EVPL
GGH
NRCAM
PCSK5
HOXB13
CORO2A
KAT2A
KAT2B
JARID2
RPGR
INPP5D
DDX17
DDX17
BCL2L2
BCL2L2
TANK
KIFAP3
CASP10
SEMA4D
NEO1
APBB2
PMM1
RAD50
CELF1
CELF1
OSTF1
ABCC2

ERCC4
UFD1L
GLG1
UPF1
UPF1
RPL3L
HPS1
CDS1
COPS5
GATA6
GPKOW
MAP4K1
SMARCC1
RAB8B
PTPRN2
BAD
KHSRP
GCDH
PRG4
RIT1
SNAPC3
PEX13
TNPO1
ARHGEF2
ARHGEF2
EMG1
NINJ1
CLP1
GLMN
KAT5
KAT5
KAT5
BRF1
USP13
DVL3
USP9X
USP7
NAT6
CUL5
ATP6V0A1
ATP6V0A1
LPP
RBPMS
RBPMS
EXT2
SECISBP2L
MED12
TATDN2
HIST1H2AC
HIST1H2BH
ATP2A3
BHMT
PTP4A1
HGD
PHKB
PHKB
MR1
SCAMP4
TCEAL3
TSR2
GTF3C6
HPS3
SMARCE1
SMARCE1
PRKCDBP
RFK
FBXW7
CNKSR1
POP5
MYDGF
GLYATL1
ZKSCAN4
RNF34
ABTB1
LSM10
TOMM40L
YIPF5
UBE2F
PIGT
IGSF8
FBXO32
TOP1MT
RPL36AL
RAB24
PPP2R3C
OSBP2
L3MBTL2
ITFG2
NEIL2
ZNF622
GFM2
UBE2E3
NT5C3B
NT5C3B
FBXW5
PSMG2
NCLN
NCLN
MUL1
FAM104A
ZNF566
PMEPA1
RILPL2
TMBIM1
ST6GALNAC6
ERGIC1
CIRH1A
NXPE3
GTPBP3
TBRG4
Mar-02
RELT
ATP6V1E2
CCDC102A
CPNE4
SLC35C1
CCDC47
MRPL24
RNF166
SLC25A28
ISL2
SYAP1
ADIPOR1
TMEM230
RERG
EXOC4
AZIN2
MAGOHB
KIAA1191
RFT1
JAKMIP2
ISOC2
NTAN1
FERMT2
FERMT2
KIFC2
PNPLA2
FUBP1
FUBP1
TTC17
TTC17
SLC25A46
LRRC59
NABP1
VTI1A
MRGPRF
TMEM143
ZUFSP
CCDC74A
PBXIP1
MCUR1
KIAA1143
RPE
E2F7
VPS33A
EME1
FKBP10
TTC28
METTL21B
ISG20
RAD51AP1
RAD51AP1
UBE2W
C18orf25
EXOSC8
AKT1S1
AKT1S1
C10orf32
TOMM6
ARRDC3
LENG9
TMEM186
TMEM159
SH3KBP1
SH3KBP1
SLCO4A1
PHF21A
SPSB1
SKA1
NACC2
RNF25
APH1A
AIDA
ELMO3
PINX1
PINX1
ARL8A
TADA1
OTULIN
CHCHD1
PPWD1
FAM3D
CCDC127
SGK3
COA7
ZNF669
ZBTB8A
TESC
CENPT
ALKBH8
S100PBP
S100PBP
ZNF775
UPRT
PTER
TAMM41
MOB3A
MOAP1
DOCK10
ATG2B
SARAF
LENG1
TBC1D20
ZBTB9
FAM136A
MIEF2
DHX58
FGGY
ARMC5
EFHD2
GALM
SYTL4
RUNDC1
PYCR2
ULK4
ZNF524
C12orf43
DCPS
PPP1R14B
SDCCAG3
SDCCAG3
INTS12
NSUN4
RHBDF1
FBXL8
PPCDC
CHMP4C
TIFA
CTHRC1
EAF2
ZNF653
RPUSD4
ACSF2
EVI5L
LRRC45
ISOC1
GCC1
FLYWCH2
GRAMD1A
SLC25A36
HAUS1
FAF2
KLHL29
CCDC124
FOXRED1
OPTN
AP2M1
AP2M1
TUBGCP3
SLC7A6OS
KCTD12
ZNF501
LRRC58
C10orf35
GPRASP2
RCN3
VAV1
NMD3
ADCK4
R3HDM4
REPS1
REPS1
HVCN1
RAB39B
DNAJC19
HDAC11
RMDN1
TMCO6
ECHDC3
OTUB2
NUDT16
ANAPC16
CXorf40B
DGCR14
CMBL
MSI2
MSI2
SNRNP40
SNRNP40
PGBD4
C18orf8
TBC1D31
MBD6
MTFMT
STARD4
ARHGEF26
ATG4C
ZBTB10
ITPKC
MRPL38
SLC25A38
RSPRY1
ASB9
TRIM44
RTP4
MTBP
ERLEC1
CLIP3
FAM122A
MRRF
RMI2
SMIM19
RAB3C
NUS1
MTERF3
ZMYND19
RBMXL1
C9orf9
OMA1
SPDL1
ELP4
ELP4
SIRT1
YIPF6
HOOK2
SEH1L
FBXO17
MALSU1
RPL39L
TCEAL4
PHF21B
THAP11
KIAA1279
GNPNAT1
KTI12
MRPS24
MRPL53
L3HYPDH
MOCOS
C19orf60
RNF31
CHFR
SGTB
SAAL1
CCDC51
MFSD3
CCDC101
RRP36
C1GALT1C1
RBM33
DTNBP1
HSPBAP1
SMIM12
RNFT2
WDR34
DNAJA3
DNAJA3
TMA16
MVB12A
PTCD3
MMAB
ADAT3
MCRS1
C11orf24
CYFIP2
SAT2
NRBF2
ALG14
TRIM11
ZNF503
IL17RA
CCDC97
DISP1
C14orf79
CNRIP1
EDC3
PELI1
RRNAD1
PHYHIPL
DDX11
LINGO1

CDCA5
MEF2BNB
NEIL1
STAMBPL1
DYNLL2
WDR89
SLC47A1
GALNT14
CPNE2
DTD2
S100A16
SIPA1
IFT43
LRRC46
THOC1
OTUB1
DPH3
TRMT61A
PERP
HMCES
CHMP6
BICD1
PGM2
EEF2KMT
IMP4
CERS2
MED8
CFAP36
DUS3L
NUDT11
OTUD5
RMND5B
BSCL2
LTV1
SDSL
MRPL48
ZNF274
VMP1
PDXP
SCMH1
AURKB
AURKB
CEP95
ZNF799
TMEM261
DCUN1D1
TRMT2B
FAHD2A
SMARCD1
TOE1
CDCA7L
CDCA7L
CDCA7L
C17orf59
ABHD17A
C5orf30
MARS2
TCTN2
ATXN7L3B
MASTL
C16orf74
APIP
ZC2HC1A
LIN37
SLC41A3
MSANTD3
SNF8
CENPN
RBM18
MYO19
ZC3HAV1L
ZNF764
COQ2
POM121
C1orf159
TONSL
WDYHV1
PEX11G
CCDC120
PDLIM5
PDLIM5
CRELD1
ACY3
ERO1L
PRR11
TMEM19
GRAMD3
SENP5
CCDC34
C7orf55
SH3YL1
AHCYL2
DOCK6
ZNF419
CDKN2AIPNL
MED30
NAF1
REEP6
PGAM5
MRFAP1L1
SGSM3
TMEM41A
INTS4
DDRGK1
DHTKD1
SCLY
PYURF
FUBP3
RBM17
PPP1R16A
COX14
TMEM141
WBSCR16
NARS2
GPATCH3
SUCLG2
44M2.3
AJUBA
FBXL20
LRCH3
LRCH3
GMPPA
BOD1
GMCL1
APOPT1
ZNF414
ZNF845
HPDL
ZNF496
ZBED3
ABHD14B
NGLY1
USMG5
NSL1
PAWR
RBM41
METTL2A
RSRC1
THOC3
ITCH
KIRREL
KIRREL
EPSTI1
PIWIL1
LRIG1
COG3
CDK5RAP3
LOXL4
VPS39
VPS39
EAF1
AKR1E2
SEC16B
ZNF594
CCDC132
MAGED4
VCPIP1
RADIL
SPG11
TMX3
DCAF5
MAML3
ZNF462
ZNF462
CHAMP1
L3MBTL3
LCOR
CCDC136
NEURL4
FEM1C
ZFP91
DCHS1
CLMN
PGBD1
SLC45A3
SERAC1
PDLIM2
HSH2D
FAR2
BTF3L4
RNF170
ZFYVE19
RITA1
C8orf76
SLC35E1
TMEM87B
ZNF668
ZBTB45
USP47
USP47
ZC3H10
ZNF521
CLPTM1L
PBK
ARL5B
DNAJC1
SMIM8
SCYL1
SCYL1
HIST1H2AH
ZNF512B
FAM84B
FAM84A
EXOC2
CNDP2
PPP1R13B
EHMT2
EHMT2
ZFR
FAM210B
PHACTR3
FAM167A
ART5
RHOV
MARK4
LRR1
B3GALT6
NSD1
EP400
EP400
SNX27
KIF16B
PRMT6
IFT74
BMF
TRIM47
SENP8
DHRS1
UBXN10
DNAJC30
UBE2E2
C9orf72
RNPC3
IMMP1L
ZNF354B
C9orf89
ZSCAN31
ZNF597
RMDN2
PRRC1
AK7
CCDC138
KLHL15
HARBI1
C16orf45
HIAT1
C9orf85
FBXL18
COQ10A
NSMCE2
NDNL2
PCMTD1
HEXIM2
TMEM68
C5orf34
HSPA12B
HS6ST2
TCEANC2
ZSWIM3
KCTD7
RNF145
CEP63
YTHDC1
TMEM56
CCDC43
CCDC43
COG8
TIGD1
ZNF48
WDR92
NOL4L
FAM161B
C7orf26
JAKMIP1
ENTHD2
ENTHD2
TTC14
PWWP2A
MBOAT7
DOCK7
UROC1
SPATA13
RILP
FOPNL
SFXN2
ZNF830
ZMAT2
FRMD6
TBC1D32
ZFP3
RUNDC3B
SCLT1
C8orf37
TOX2
CCDC115
NAP1L5
GUCD1
SLC46A1
SAMD11
AMDHD1
ANKRD27
CLIC6
PVRL4
MUS81
FOXN4
NSUN5
RPRD1A
AGAP3
ARAP1
ACAP3
WDFY2
IPO9
NECAB3
CASD1
AP1S3
AP1S3
DCBLD2
PGLYRP2
GPR124
ARHGEF17
INPP4A
MCEE
RBM14
ERMAP
RCHY1
ZNF385A
TRERF1
GBP5
GBP4
SORCS2
ZNF317
KLHL5
UHRF2
NEDD4L
NEDD4L
QKI
SYNGAP1
LENG8
FAM193B
CCDC85A
PLEKHG4B
FMNL2
NEK1
PUS7
FAM111A
TRAPPC9
TRAPPC9
PLIN4
BTBD9
TRNT1
SMG1
ALS2
TMEM237
DERL3
ALKBH3
KIF20B
KIF20B
DLC1
PPP1R10
MICA
DEPDC7
SLC38A2
FYTTD1
SLC2A13
ATAD5
TEFM
RAB3IP
MTMR9
VPS35
ALPK1
PURB
PHF12
ACCS
XPO6
MAGI1
RBP7
SPAG5
PANX1
NACC1
ZNF300
SNX18
PASK
NR1H4
CIC
CITED4
BBS4
UIMC1
VPS13A
VPS13A
MED15
GAL3ST4
GFM1
ERGIC2
MCCC1
PEO1
CAMKK2
CAMKK2
TGS1
NUDCD1
ERBB2IP
CTAGE1
TUBGCP6
USP28
FNBP1
FNBP1
TRIB1
PCNX
HMCN1
CRAMP1L
IFT140
WDR24
C16orf13
RAB40C
RPS6KC1
TP53RK
PIGS
TESK2
WRNIP1
RANBP9
CSRNP1
CLCC1
UBL7
LYSMD1
CCNL2
PEBP4
MYADM
PLEKHF1
SRPK1
SMC6
DCLRE1C
ZNF347
TBX15
KCTD15
STRBP
TMEM209
ZNF607
GPX7
FIZ1
CDK5RAP2
CDK5RAP2
ZNF587
CYP2S1
IWS1
SIN3A
CEP89
OSBPL9
OSBPL9
OSBPL9
CRBN
ADO
CDK5RAP1
MAP7D2
SECISBP2
RSF1
ZIC5
PPP1R16B
RUFY1
IMMP2L
SPEN
PNKP
MMS19
UHRF1
INSM2
FAM129B
YME1L1
RMDN3
TCF12
MYCBP
CYTH2
TBCB
TBCB
PSMB7
CNN2
SEC62
PCYT2
PHOX2B
CDC5L
PSMD1
CD180
SDF2
PFDN5
PAFAH2
DDO
RNF2
PARK7
S1PR3
EYA3
NEU1
SORT1
VAT1
LGMN
PLIN2
DNAJC2
MPHOSPH6
MPHOSPH8
MPHOSPH9
NUP88
PKP4
PIK3R4
P2RX7
SERPINI1
POP1
TSC22D3
TSC22D3
MNT
S100A13
SCAF11
ZBTB18
TEAD3
TIMM17A
TSNAX
ELF4
NDN
SEPHS2
KLF6
EIF3C
TTC1
DNAJC7
CDCA3
SPSB2
C12orf57
PHB2
SLC38A3
COPS8
PRPF18
RAD9A
PKMYT1
PKMYT1
SDHC
OSMR
OSMR
CHP1
KIF2C
RGPD5
CGREF1
CGRRF1
ZNF184
MAP3K5
MGLL
MGLL
PITX2
LYST
ATXN2
DOK1
MTR
HSD17B10
SMAD5
SIGMAR1
BARD1

LITAF
NAP1L4
MGST2
CDC6
NPAS2
NAPG
PIP5K1A
TXN2
MAP3K3
ATP5S
OLFM1
MIPEP
ACO2
NKX3-1
TM9SF2
COQ7
SLC29A1
PRRX2
TSG101
CIB1
CPNE1
CCT7
SMO
MYD88
EBNA1BP2
ARID3A
HAUS7
PRMT1
PRMT1
HIST1H2AJ
HIST1H2BM
HIST1H2BL
BAG1
ATF6B
RNF5
AGPAT1
PTPN18
DUSP9
FOXC2
PKP2
SH3GL1
SH3GL2
SH3GL3
CITED2
MYOC
TEP1
OMD
SEMA3C
VRK1
GDF15
AKAP9
AKAP9
DPYSL5
B9D2
NIPSNAP1
DHRS9
NCAPG
ARPC5L
MICU1
C7orf25
FAM118B
SPIN2B
PAIP2
MAPKAP1
RBM4B
KCTD14
NABP2
SPOCK3
ZFYVE21
DDX50
ELAC2
C19orf43
USB1
GRWD1
MACROD1
TCF25
CMSS1
SLX1A
FAM110A
KLHDC3
ECSIT
WDR77
HINFP
C17orf62
VKORC1
DPH2
MRPL57
KXD1
FAM173A
TUBA1C
VIMP
APOL2
LBHD1
BCL7B
SENP7
MYBBP1A
SYT3
NUDT12
AIF1L
EIF2AK1
EIF2AK1
SGIP1
SGIP1
ANKRD32
PSD2
TMEM47
LPIN3
FERMT1
MGME1
GORASP1
FYCO1
SLC25A21
CLSTN3
DBNDD2
ZSWIM1
JPH2
ACBD6
CORO1B
CCDC77
CCDC77
NAA38
TXNDC17
PIGQ
BUD13
CPPED1
VPS25
SH2D3A
ZNF251
C7orf50
NUDT16L1
REEP2
MXRA8
LZTS2
SDF4
SDF4
SRSF8
PDCD2L
PAAF1
WIBG
WIBG
PYGO2
NUDT22
CHCHD6
AIFM2
ZKSCAN3
TMEM246
ADPGK
GPATCH1
RIOK1
LARP6
UQCC2
MIEN1
LLPH
CBWD1
GINS4
UTP23
SIKE1
PELO
GINS3
FAM213A
WDR83
TRIM56
CENPK
ANAPC13
ERP44
ZNF670
LXN
SLC35A5
NIPSNAP3B
ATG101
NOL10
NTPCR
TMEM79
HERPUD2
AGMAT
C2orf88
C19orf52
BTBD10
PRADC1
NICN1
TACO1
HDHD3
TINF2
TUBGCP2
C17orf80
FAM64A
FAM64A
ESYT1
ESYT1
MARVELD1
SLC25A33
FEM1A
UBAC1
PCGF1
CCM2
YIPF4
RTKN
C16orf70
CRACR2A
CHCHD5
DESI2
CNPY3
MTG1
ALG1
LIMD2
HAUS8
ALKBH7
INPP5K
POLR3GL
THAP7
NDFIP1
PSMG3
COPS4
SYT11
TCHP
WAC
WAC
DIDO1
RBM42
NAT9
DCTN5
MCMBP
AARSD1
AARSD1
DCUN1D5
THUMPD2
PAGR1
FAM103A1
IER2
URM1
LRFN3
ZBED2
FAAP24
ANP32E
MED10
LRRC1
PI4K2A
TMEM43
FSD1
DPH7
CABLES2
TBCD
NDC1
TTPAL
FUCA2
HGH1
DHRS4
DHRS4
THTPA
ZNF692
RSG1
LMF2
CHRDL1
NDUFAF3
CENPO
C9orf156
MMTAG2
DOHH
C11orf84
ADAT1
MKNK1
MKNK1
TMEM70
MED18
ISCA1
TUBB6
C9orf142
BEGAIN
POLR3C
ABHD14A
HNRNPUL1
HNRNPUL1
CHCHD7
MSTO1
MSTO1
PHF23
PHF23
PDCD10
RPP25
G6PC3
CCDC28B
EFHD1
HTATIP2
HTATIP2
DDX23
WRAP53
BDH2
FAM195A
METTL22
C20orf24
C9orf16
ZNF426
TRAF4
ALG12
C1orf50
MRI1
ABHD6
C15orf57
SLC25A23
MLPH
WDR18
VAMP8
THUMPD3
ADI1
RNF126
CEP250
MECR
EMC6
NTMT1
EDEM2
LRRC61
KATNB1
TUBB2B
FICD
DSCC1
MLST8
MLST8
C2orf49
TMEM109
TRIM62
PBDC1
KIFC3
PTDSS2
PHF20
NOC4L
UTP14A
DUSP23
ALG8
TMED9
NUPL1
DPCD
GGACT
RUSC1
RUSC1
GNL3
SPATA5L1
RIOK2
TRMT61B
TMUB1
KIAA0586
TIMM21
C19orf24
TIPIN
SARG
MXD3
KIFC1
NUP85
TPPP3
ELOVL1
DDA1
KATNAL1
HIRIP3
HIRIP3
HIGD2A
IFT27
CCDC94
NUDT9
TARS2
CCDC106
ACAT2
FAM127B
REPIN1
TRAIP
RBM4
SSBP4
SCNM1
FUNDC2
RPAP1
SF3B5
MRI
C1orf43
ZNF416
PRR14
COLEC11
CHID1
CDCA7
PAPOLG
MND1
CARD10
CDK19
BOC
SSBP3
APOL6
GTPBP2
LSM14B
LSM14B
TAPBPL
BRIP1
SORBS1
HINT2
CARD6
BTBD2
TM2D2
TRPM6
SGPP1
PLVAP
LGR4
OSBPL11
OSBPL10
BBS2
CECR2
RAB11FIP5
BBC3
TBC1D10A
C1QTNF6
C1QTNF3
NAA15
KLF16
BCL2L13
CARD14
CARD11
CDCA4
PRX
ASPN
SLC12A9
SRRT
QTRT1
CFHR5
COL25A1
TMEM59
AP1M1
NUSAP1
NUSAP1
NUSAP1
NUSAP1
NUSAP1
SLC26A6
TEX15
C14orf142
OSBPL1A
OSBPL1A
CECR5
FANCD2
EMILIN2
MAK16
RSPO3
BEX2
PACSIN1
SCAPER
SCAPER
DGCR6L
ITPA
HDAC8
RTFDC1
CHMP4A
EIF2A
PECR
SEC11C
KDM5D
LRRC3
ANGPTL4
POLDIP3
POLDIP3
RNF26
DUSP16
KIAA1671
SHANK3
GNB1L
FUT8
MRPL32
MRPL20
MRPL13
MRPL9
MRPL4
MRPL1
PCGF6
CDHR2
NIFK
PARD6G
PARD6B
FAM126A
TRIM34
YTHDF1
HELZ2
RBCK1
SRXN1
ZNF341
MRPS26
NLN
AGXT2
TRIM54
BCO2
CEP41
BACH2
SETD2
TBC1D2
IFIH1
POTEKP
RHOBTB2
REG4
PANK2
DOCK9
FRMD8
PITPNM3
PITPNM2
CNTNAP3
WHSC1L1
PCDH11X
CELF4
NUF2
GLIS2
MRPL37
PUS3
GTPBP4
ASPSCR1
OSBPL8
OSBPL8
OSBPL7
OSBPL6
OSBPL6
UACA
RAB34
WDR11
UPF3B
CRNKL1
SLC25A39
TBL1XR1
UBL5
PPP1R12C
PPP1R12C
ULBP3
ULBP2
ULBP1
NMNAT2
EDEM3
FAM129A
BCL2L14
TRIM8
UBXN6
SLC19A3
UCK2
SIGLEC1
API5
API5
NLRP1
NMES1
DPY30
FOXQ1
PKIB
TRIM9
TRIM7
TRIM7
TRIM5
TRIM4
TRIM2
FAM117A
INO80B
GREB1L
DCLK3
LRRCC1
ZFHX2
UNK
FTO
CFAP74
ZDHHC5
TANGO6
ZCCHC2
TNKS1BP1
SEMA4C
CIPC
AMBRA1
UBE2O
PHACTR1
CEP295
ZYG11B
ZNF518B
TANC1
FHDC1
XPO4
LNP
ASXL3
CEP44
ZNF436
ZNF407
TTYH3
ARHGAP39
KLHL4
MTMR12
CCSER1
WDR33
BCL11B
SLC39A8
STRADB
HLA-DRB1
WDR12
TINAGL1
NDEL1
ACTR6
TGIF2
PRSS22
ROGDI
C20orf27
PDGFD
NRSN2
PITHD1
IMUP
IMUP
DERL2
COMMD5
SENP6
REXO4
ELOVL4
DDX24
POLR1E
WDR61
SLIRP
SRR
CCDC90B
NIF3L1
EGLN1
C6orf62
MCOLN1
PEG3
TMEM39B
CTDSP1
CTDSP1
FAM192A
EIF5A2
WWTR1
TWSG1
COA1
MFF
MFF
MFF
MFF
NAA50
UBA5
LHPP
NACA2
ADAM19
MTFR1L
SPRTN
TMEM126A
PAIP1
PAIP1
PAIP1
CLPB
KATNBL1
MIS12
RAB33B
LSG1
NUAK2
FAM107B
FAM107B
NAT10
COMMD4
SPATC1L
KLC2
CRISPLD2
TMEM117
BTBD1
ILKAP
XRN2
TOLLIP
SAP130
BRD8
SHARPIN
ARL6
NSRP1
KLHL25
RACGAP1
ENKD1
PARP12
SIK2
PUS7L
CSTF2T
WWP1
NT5C3A
NT5C3A
FAM49A
FXYD6
TMEM222
HDHD2
GBP3
QRSL1
GABARAPL1
DDX47
RAB1B
MRPL18
TSPYL1
TMEM168
LMAN2L
CCDC8
SMG9
C11orf54
ITFG3
OSBPL5
OSBPL5
RBM38
NAPB
GZF1
DNTTIP1
CDH19
ING2
SIL1
CSRNP2
SDCBP2
METTL9
METTL9
ANAPC1
XYLT2
IRF2BPL
GLT8D2
UNC93B1
CYSTM1
POLR3F
NUCKS1
TMX4
KIF13A
KIF13A
ASCC2
UPF3A
UPF3A
WNT5B
RBSN
ISCU
MESDC1
OSBPL2
DUSP15
MEGF9
SLC25A51
SLC6A17
DNAJC25
ATG5
WDR13
EPN3
MED28
CDT1
MAGEH1
ABCG8
ABCG5
EHD4
C1orf21
SPTBN4
CARD9
VPS33B
VPS16
VPS11
SH3BGRL3
ALDH8A1
CHST8
GAN
SLC25A32
TRIOBP
TRIOBP
TRIOBP
EPC1
CCDC68
SLK
SLK
TSPYL2
BLZF1
PPIL3
ARRDC1-AS1
PDCL3
SLC6A15
MTIF3
TNKS2
TAOK3
RASSF4
BHMT2
RAB3GAP2
ADNP
DPH5
DPH5
IKZF4
RANBP17
DHX36
PPA2
SPNS1
MRPL46
HIPK2
ZNF106
ZNF106
PARL
CDIP1
PNN
EPB41L4B
TMEM245
FOXP1
FOXP1
CRISPLD1
GGNBP2
SNX25
KCTD10
CPVL
TRIT1
C11orf68
C11orf68
DPAGT1
C12orf65
GHITM
BOLA2
TXNIP
TMX1
NELFA
ACBD3
CDC42EP4
KDM4C
MUC13
CENPH
PTPN23
SEMA6C
UNC45A
UNC45A
MFSD1
PPDPF
DNAJC5
DNAJC5
DSN1
DSN1
HIPK3
C1orf198
RIMS4
CHMP4B
RWDD1
CUEDC2
FBXL15
RBKS
FN3K
POFUT1
PIGU
MAP1LC3A
TOR1AIP2
TOR3A
WNK1
RNPEP
GOLPH3L
GOLPH3
OSGEPL1
SAV1
TUBB1
DEF6
ST6GALNAC4
SMOC1
EPB41L1
EPB41L1
GLIPR2
FAM83D
ZHX3
SMDT1
MTG2
SENP3
OSBPL3
OSBPL3
SMARCAD1
FBXO44
PLEKHA4
EHD1
RNF41
ZSCAN16
EBF3
RGCC
GSTO2
ZNF335
PCIF1
ESF1

ALG2
ACTL8
ZNF644
HEATR1
ZNF768
SUV39H2
PIEZO2
ZBTB3
TAF1D
POMK
THAP9
RABEP2
TFB2M
ZCCHC4
IKZF5
CDCP1
CXorf56
FAM96A
SLITRK6
DHX35
ZNF576
PIF1
NSUN3
OBFC1
ASB7
BICC1
DENND2D
PCNXL3
CLMP
HAUS4
CCDC134
TUT1
CCDC86
REEP4
SOX17
C11orf49
C11orf49
C6orf106
OPA3
PRR36
TMEM231
ARMC7
FAM134B
TASP1
NARFL
DHX33
NOL6
ZDHHC6
C2orf44
YTHDC2
AZI2
EPS8L2
ESRP2
RPAP3
BCAS3
BCAS3
ALG9
C2orf43
NO66
ANTXR1
TMEM134
WDR55
RANBP3
GAREM
ZNF552
C12orf49
ASB8
GREM2
DCTPP1
ELAC1
SH2D4A
EXO5
PEAK1
C5orf42
RPF2
SMYD3
SYNC
SYNC
AAMDC
DOCK5
WDR26
WDR26
TDRD3
C8orf33
ATP13A3
TMEM185B
METTL17
PPP1R3E
SUDS3
C10orf54
SCAF1
MVB12B
PLEKHG2
ZNF703
AUNIP
CCSER2
NAA60
ZNF696
IFT22
NRDE2
KAT8
PTGES2
TMEM206
PHAX
DCLRE1B
DNAJC18
UBE2Z
GEMIN7
NIPAL2
ACAD9
NT5DC2
VCPKMT
YY1AP1
RMND5A
PRKRIP1
CSRP2BP
ZNF430
CAAP1
NOL11
DDX31
METTL7A
MANSC1
C10orf88
MMRN2
BRD9
CNNM2
FAM188A
ZNF395
SRD5A3
MOB1A
AKTIP
ZFAND3
ECT2
FAM204A
PLEKHF2
IPPK
ANKZF1
GORASP2
ZWILCH
MTHFD2L
HN1L
HN1L
RNF121
SP140L
SLC25A22
PSTPIP2
MED20
WDR76
C14orf93
QTRTD1
WDR54
ACTR8
SYNPO2L
Mar-07
ARMT1
PANK3
CNOT10
LRRC40
RMI1
EHMT1
SFXN1
VIPAS39
ZNF408
ANKRA2
COG4
ACTR5
AGO3
VPS37B
MRPL44
USP42
ERVMER34-1
ISG20L2
AKIRIN1
L2HGDH
COPS7B
NHEJ1
DBNDD1
SEC61A2
CAB39L
FKRP
ELP3
JMJD4
RPF1
GPN2
POLR1B
ZMAT3
ZMAT3
UCK1
FN3KRP
TBC1D17
CALHM2
CARS2
EFCC1
RSAD1
SLC52A2
PPCS
SUGCT
UBTD1
WDR41
MEAF6
SAP30L
EBF2
NMNAT1
MLXIP
LIN7B
KIF9
C17orf75
SIAE
PELI2
PLEKHA5
PLEKHA5
SMURF2
UPF2
TPT1P8
RNPEPL1
GNB4
XPO5
GRPEL1
BRF2
CLSPN
UGT1A7
UGT1A10
UGT1A8
MAGEF1
BCO1
CLK4
PRDM16
C12orf10
PLEKHA3
PLEKHA1
SCPEP1
SP110
SP110
NTN4
ELL3
MKKS
CACYBP
PIDD1
RRAGC
FANCE
TRPV4
RC3H2
SMARCA4
PATZ1
ATP6V0A4
IFT122
RHOF
PDF
RDH14
MKNK2
PARVG
PARVB
CYP4F11
AS3MT
TNS1
PLGRKT
NMRAL1
SPC25
TAF9B
SLC38A10
ZNF287
ZNF286A
BARX1
ETNK1
ELTD1
LGR6
TMEM165
SLC25A19
NOD2
EML4
RNMTL1
GLOD4
GPBP1L1
CBX8
SLC24A3
SENP2
CENPJ
ZBTB20
MUC5B
NEK6
SPON1
MCCC2
ZFYVE28
NCOA5
TANC2
EPG5
MOV10
ZNF532
METTL14
ARHGEF10L
SMURF1
ANO8
ZNF160
GBA2
CWC22
NCKAP5L
SYTL2
MAGEE1
MSL2
TNRC6C
ANKH
RAVER2
ZSWIM6
VAT1L
ZBTB26
ZDBF2
ROBO2
AGO4
CHD8
PCDH18
GPAM
ZFP14
KIAA1551
KIAA1549
EPB41L5
FBRSL1
TRIM39
TMEM8A
GPN1
SDF2L1
PDE11A
TCF7L1
EPB41L4A
XAB2
CD248
CELSR2
PREB
POLD4
BRMS1
S100A14
SRA1
ATP13A1
MRS2
GOPC
GOPC
MRPL47
MRPL47
LYRM4
SEPSECS
CHMP1A
PTPRH
TM9SF3
RANGRF
MYO10
RETN
NRXN3
JPH1
APMAP
WDR6
TUFT1
TUFT1
CD209
SH2D2A
FAM60A
BPIFA1
PDE7B
ABCB6
ARFGAP3
ZCCHC17
HMG20A
MLXIPL
RAB18
ALG13
ALG13
PALMD
SSU72
VTA1
PNPLA8
SARS2
TNFRSF12A
POLM
MRPS30
DYNLRB1
MYOZ1
EMC7
MID1IP1
ZFP64
ENY2
ENY2
SAYSD1
PARD6A
GPCPD1
A4GALT
MYNN
SIX2
EXOSC4
UBE2T
NGRN
NOP10
CD320
CHST11
OSGEP
DMAP1
FZD3
UBN1
PCDH12
ISYNA1
IL1RAP
BRD7
BRD7
DCP1A
KRCC1
FANCF
ACOT13
MED4
NXT2
NXT2
TIMMDC1
NLRC4
RIC8A
GPR108
ATP13A2
LUC7L
AKIP1
TMEM9B
SCUBE2
LZTFL1
MRPL40
PLCB1
PLCB1
TRIM36
HEYL
TIGAR
C12orf4
COPRS
WASH6P
TCF7L2
TCF7L2
TCF7L2
RTN4
RTN4
CYLD
IFT46
HINT3
MANBAL
RPRD1B
MIEF1
HPS4
XPNPEP3
PFDN4
SLC35C2
SETD8
NIT2
AVEN
PVRL3
PVRL3
INCENP
EXOSC5
EXOSC3
KIF13B
PAK6
PRDM10
PRDM8
ANLN
ANLN
XPNPEP1
XPNPEP1
PRDM6
GPHN
MYO5C
ZNF331
ITM2C
BIN3
UTP3
STARD7
ZC4H2
ENTPD7
ZNF71
C8orf4
BIRC6
PDLIM7
ACSS2
DIABLO
DDX21
SAR1A
SAR1A
POLE4
MAN1C1
NANS
ASH1L
EIF2B3
BATF3
MBNL1
PXMP2
ARHGEF4
ARHGEF3
SLC2A4RG
MXRA5
SPHK2
PDGFC
SLC17A5
EIF4ENIF1
CHST12
SIRT7
PICK1
DUOX1
TSHZ2
SH2B1
CTPS2
POLE3
CHRAC1
PRTFDC1
SMYD2
SDR39U1
AAAS
YAE1D1
SNRK
TUBG2
DISC1
TULP4
PCDHB16
ABCB10
BAZ1A
STRN4
ZNF277
LATS2
OLFML3
AASDHPPT
METTL5
OSTC
CMC2
SDHAF3
STK36
PLSCR4
SMCO4
CDC42SE2
DROSHA
UBQLN4
INPP5E
CDC42SE1
SNX15
CNNM1
HEBP1
RAB6B
APOBEC3C
DUSP22
VPS45
PNO1
MRPL17
PHPT1
SERINC1
INIP
ARHGAP35
FAM114A2
PLSCR3
AGPAT4
AGPAT3
HELLS
HELLS
C1GALT1
LTBP3
GLRX2
RASSF1
RASSF1
TOPORS
TNFRSF19
TOMM22
MBIP
CHST7
LANCL2
KIF15
RAD18
TM7SF3
CTNNBIP1
HOMER2
SALL1
HOMER3
ST6GALNAC1
ZNF275
FARSB
CISH
IARS2
C1orf112
FAM207A
BRWD1
SAMSN1
KLC4
KLC4
CENPM
PNPLA3
TREX1
DIAPH3
DIAPH3
NRBP2
BMP2K
STARD5
EMILIN3
ATG3
TENM2
LRRC4B
SIRT3
PDS5B
SMC4
MAN2C1
SACM1L
CUTC
SEMA4G
CBLN4
ZFP64
ZFP64
ECHDC1
RNF146
RBM12
ANKEF1
TBC1D22B
MDN1
LYRM2
GINM1
ZBTB40
ZCCHC3
ZDHHC18
PDRG1
DECR2
ABHD10
TCP11L1
C19orf66
DDX28
SLC39A9
TMEM106B
LMBRD1
BLOC1S4
TRMT13
LIN7C
AGPAT5
TXLNG
SPATS2L
SPATS2L
UFSP2
ABCF3
FAM49B
AP5S1
ABCB8
FAM105A
DDX19A
SPTLC3
GIMAP4
TDP1
POT1
TBC1D23
IMP3
NUDT15
MRGBP
RNF19A
TMEM39A
TYW1
EXOC1
EXOC1
ZNF701
PCMTD2
INTS9
TMEM30A
UQCC1
Sep-11
TMEM184C
SLC38A7
MED17
SETD4
PARVA
USP40
PANK4
FBXO28
ETNK2
TBC1D13
EXD2
DNAJC11
INTS7
TMLHE
FANCI
ATAD3A
ATAD3A
ARL8B
FGFR1OP2
FGFR1OP2
EVA1B
PRMT7
DNAJC17
ASUN
GNL3L
DDX18
ASF1B
FAIM
KLHL11
INTS10
DNAAF2
TBCCD1
MRPS18A
PNPO
ARMC1
POLR3E
SDAD1
TMEM38B
MTPAP
AIG1
THAP1
RLIM
HAUS2
NLE1
KBTBD4
KBTBD4
NECAP2
ZNF358
POLR3B
RBM28
ANO10
FANCL
PLEKHJ1
RBM22
BSDC1
GPATCH2
GPATCH2
ATP5SL
WDR70
TMEM51
MED9
ARGLU1
IFT57
TMEM248
RNF216
TMEM242
SLTM
ZNHIT6
ASNSD1
SMOX
CUEDC1
FKBP14
FBXO34
GPATCH2L
PAG1
C14orf119
CCDC109B
PIH1D1
FAM118A
RMND1
PAK1IP1
HIF1AN
AURKAIP1
OXSM
GID8
C1orf123
BABAM1
CLN6
NMRK1
C2orf42
ASB6
THG1L
C4orf27
IRAK4
UCKL1
GEMIN8
TMEM160
TXNL4B
NLRP2
C1orf109
FAM120C
TRNAU1AP
COMMD8
DDIT4
NDUFB11
MRPL16
NHP2
OSER1
DNAJC28
FAM206A
OCIAD1
OCIAD1
OCIAD1
ADPRHL2
Mar-05
HYPK
RAB20
LYAR
IMPAD1
CHCHD3
ZSCAN32
MED29
DUS2
CMTM6
TMEM260
WBP1L
SIRT5
MKS1
ELOVL2
GFOD1
MIOS
MTMR10
SMPD4
CWC25
TEX10
DCAF16
ZDHHC7
CNTLN
THUMPD1
P4HTM
TOR4A
TRMT1
PGPEP1
FBXL12
ARHGEF38
MCM9
GDAP2
GIN1
NDE1
ANKRD10
BRE
ING3
QPCTL
ZNF586
KCTD5
CDKN2AIP
DNAJB12
DNAJB12
ALKBH4
NSMCE4A
SAGE1
DDX43
GAR1
STAB1
PPP4R2
GALNT8
DPP3
BARHL2
SCN3A
STK32B
SMPD3
AATF
SLC2A8
ETAA1
DDX56
B3GNT2
SPHK1
MTMR4
TERF2IP
ABI2
HOXC10
FAM53C
FAM13B
BCLAF1
BCLAF1
ANAPC11
UTP6
PSD3
COA4
DLL3
TAB2
TLR7
MRPL39
EURL
ZAK
FKBP11
CYP39A1
TMOD3
BET1L
ELOVL5
MIS18A
HAO2
CELSR1
CELSR3
NKIRAS2
NKIRAS1
PLEK2
ZNF226
UGGT2
UGGT1
CDK12
CDK12
RBAK
FASTKD2
SLC25A37
GTSE1
TECR
ERAP1
ERAP1
UBAP1
ACTR10
USE1
CISD1
GGA3
PODXL2
FMN2
C9orf78
RTEL1
STMN3
NLGN3
CLIC5
FAM120A
FAM120A
MOCS1
GDE1
WWOX
SMARCAL1
GLTP
SPG21
MRPL35
NINJ2
GPRC5B
GRHL1
UBP1
IGF2BP1
SACS
EIF2AK3
COQ3
MTCH1
NUDT4
NUDT4
CECR1
ZNF224
HSPBP1
RGL1
MAT2B
MAT2B
MYOF
MYOF
GLTSCR2
EHD3
EHD2
ARHGEF12
ARHGEF12
CNOT2
C1RL
NCKIPSD
CD274
TMOD2
LRP1B
BFAR
CALML5
OGFR
FLRT3
LMCD1
CRIM1
MPP6
CHMP5
COMMD9
CWC15
MRPL15
THYN1
CRIPT
CCDC59
NDUFAF4
HACD3
JKAMP
MED11
CCDC167
EMC3
NDUFA13
PDP1
MRPL36
KCMF1
ADAM22
RAI14
RAI14
FOXJ2
FRRS1L
VAPA
VAPA
ZKSCAN7
AKAP7
H2AFY2
MRPL27
TBC1D7
RNF181
GSKIP
TMEM14C
ZNF581
TOMM7
SENP1
CXXC1
SH3BP4
Sep-10
Sep-10
HMG20B
SCHIP1
SPATA7
GMIP
GMIP
NTM
ABRACL
VPS54
MDFIC
ZNRD1
ACTR3B
SAMD15
TMEM63C
PIM2
CAMSAP3
ZBTB4
CALCOCO1
BTBD7
KIAA1522
CEP72
PLCE1
POGK
CCDC88C
ARHGAP23
CNTN3
NYAP2
LRFN1
STIM2
VPS18
ZNF492
RCC2
KIAA1468
KIAA1468
DIP2B
KIAA1462
SLAIN2
TENM3
USP36
FNIP2
PAK7
BCCIP
BCCIP
STK26
ARMCX1
C5AR2
COPZ2
PTGFRN
CTTNBP2NL
CFAP97
TMEM181
IBTK
CHD7
HEATR5B
FAM135A
FAM135A
UNC79
KIF17
ZNFX1
PCDH10
RRBP1
STOX2
SIPA1L2
ZNF319
ANKIB1
MAP10
KLHL8
IFT80
IFT80
USP35
CPSF2
IGSF9
KLHL9
LARS
ZNF624
PDP2
CC2D2A
TXNDC16
RCOR3
KLHL42
EIF2AK4
WDR35
TBC1D14
CGN
ARHGAP28
RBM27
KANSL3
KLHL13
KLHL13
NYNRIN
HECW2
ANKFY1
ANKFY1
RERE
SUCLA2
WRAP73
GMPR2
PSMC3IP
GNG13
STX18
DPM3
IMPACT
ZNF219
UVRAG
THAP10
ATXN10
MBD2
NCDN
NCDN
TFIP11
NFKBIL1
EPS15L1
DNMT3B
MYO1A
ORC3
ORC3
SAE1
COPG2
RNF7
PI4KB
PI4KB
MRC2
XPR1
COMMD3
STOML1
GNG12
HECA
ABCD2
MTRR
UXT
ASH2L
CPNE7
PEMT
DHCR7
TNFRSF10D
HDAC6
SPAST
SPAST
METTL1
GULP1
VPS29
EIF3K
EXTL2
GRHPR
UPB1
CTSZ
CKLF
RPS6KB2
DNAJB9
DNAJB11
RNF14
SUCO
UBA2
POLK
CTNNAL1
FAM8A1
DBF4
MORF4L1
NXF1
SEL1L
WNT16
B4GALT7
PEF1
ZMYM2
COPS7A
CTSF
SLC25A10
SLC9A2
LPAR3
APEX2
REV1
ZNF70
AASS
CLIP2
CLIP2
ZNF212
ZNF282
UQCR10
ZMAT5
SEC14L4
MTFP1
TJP2
TJP2
DNAJB4
MALT1
STK17A
CFDP1
ZNF629
DAXX
FTSJ1
FTSJ1
VTI1B
MARCO
STK39
ADD3
ADD3
PRODH2
FBXL17

ZBTB47
LRWD1
RIMBP3
CNOT8
C19orf25
NIPSNAP3A
CGGBP1
IFT172
GIMAP2
PISD
PISD
ABCF2
MTRF1L
MTRF1L
SLC23A2
ZRANB1
TES
TES
PRKAG2
TUBGCP4
TUBGCP4
STAP2
SERGEF
KDM5B
DMBT1
FETUB
WARS2
PARP2
LIMD1
POLL
SEC63
CACFD1
SLC2A6
ZC3H7B
SUSD2
TCF20
TCF20
HMGXB4
NDRG3
NDRG3
NOL12
Sep-03
APOBEC3B
ARMCX3
SWAP70
EBF1
MLX
SUN2
SS18L2
RSL24D1
LAMTOR3
NDOR1
LIMA1
LIMA1
LIMA1
AFF4
SRP68
MLH3
CNTNAP2
MKRN1
CHORDC1
TBK1
CIDEB
Sep-09
Sep-09
Sep-09
Sep-09
UBQLN2
STEAP1
EGFL7
TRPS1
DCDC2
PCYOX1
IP6K2
DDX20
ADAMTS1
SFMBT1
NUFIP1
AMACR
DDX25
DPP7
POLG2
TMEM2
USP25
NARF
BCAP29
WBP5
CYB5R1
BAIAP2L1
SAP30BP
ZNHIT2
MED13
PFDN2
GPN3
SLC12A6
SLC12A6
PUF60
PUF60
PUF60
EMR2
NRBP1
ENOPH1
FEZ2
EVL
NDUFA12
EIF2B4
EIF2B4
ATP6V1H
DMGDH
IPO11
TRMT112
CPA4
FTSJ2
CTNNA3
XPO7
CD84
LCMT1
VPS51
VPS51
ZNF639
MUTYH
BAZ2B
BAZ1B
SLCO3A1
SLCO3A1
ATPIF1
HERC5
ZDHHC2
AK3
DAPK2
SCOC
FKBPL
LNPEP
LNPEP
LNPEP
MBD1
MBD1
MBD1
MBD1
SIX4
CNOT7
PLXNA1
RWDD2A
TSPYL4
GGT7
RABGEF1
RABGEF1
MSRA
NAGK
CD207
ANXA10
HACL1
CRLS1
MCM8
TRMT6
ENPP5
HOOK1
SH3BGRL2
RIMS3
RASAL2
RASAL2
MOSPD1
RPUSD1
GNPTG
TSR3
ERRFI1
HAO1
KLHL21
LAMP5
SLC25A13
SLC25A13
TUBE1
TUBD1
ZNF112
FOXD3
DBNL
DBNL
DBNL
MID2
DDX41
DCTN4
ZNF229
OSGIN1
CDC23
ANAPC7
ANAPC7
ANAPC5
ANAPC4
ANAPC2
HSPB8
GGA2
GGA1
STOML2
ZNF225
FBXO2
NAGPA
TMEM59L
RPS6KA6
ZNF580
CCRN4L
VPS28
LSM7
ING1
CCNL1
DBR1
FAM208A
FAM208A
FEM1B
HN1
HN1
USP21
FBXO10
FBXO9
FBXO3
FBXL4
AKAP11
RCAN3
PTBP2
FBXW11
DNAJC12
FBXL2
GMEB2
MRTO4
TNIK
TNIK
CPSF3
PITPNC1
APPL1
CROT
CDC42EP3
TLK1
TLK1
GPATCH8
PARP4
NXT1
NUDT5
CASP8AP2
PCTP
MAN1B1
RALY
PRDM4
GTF3C4
ADAMTS7
C14orf1
PACSIN3
FBXO5
FBXO4
FBXL3
FBXW2
ACAD8
ANGPTL2
HDAC9
ACIN1
ACIN1
ACIN1
AMFR
AGO2
VAV3
MYH2
ITGA11
NUP50
ZHX1
POMT2
CDV3
CDV3
CNOT11
PCOLCE2
DSE
INTS6
SARDH
BAG5
AGO1
RAB21
RAB22A
TRAPPC2L
ZNF346
PNMA2
BLOC1S6
HCN2
TAOK2
TAOK2
MKLN1
MYT1L
DNPEP
RAB23
MCTS1
ACSL5
ZDHHC8
OGDHL
MTUS1
BRPF3
ZNF777
INTU
ZNF608
DENND2A
PALD1
SLC39A10
INO80
CCPG1
KIDINS220
ASAP1
MKL2
ATAD2B
RIMKLB
HEG1
KIF26A
ODF2L
ZBTB21
ZMIZ1
ANKRD50
PPP1R9A
PPP1R9A
GRID1
ATXN7L1
MED23
VANGL2
RNF150
KIAA1210
PLEKHG1
PRR12
SHROOM4
PLEKHH1
ZNF490
YEATS2
CNOT6
NDRG4
NDRG4
TBC1D24
STRIP2
TPCN1
ISY1
PPM1H
PAIP2B
TMCC3
TTC7A
ZNRF3
HECTD1
ZMYND8
ZMYND8
ZMYND8
MYO5B
CORO1C
CBLC
TPX2
ABT1
RAB26
NOB1
RNF112
AKAP8L
MAFF
PYCARD
PADI4
FZR1
ANAPC10
HPCAL4
EPDR1
NOTCH3

PLAGL1
ALK
SPATA2
COL17A1
ICAM5
KMT2B
BARX2
DDX19B
DDX19B
TBX20
CLEC4A
NFU1
PRPF19
SYNPO2
SYNPO2
USP18
UBQLN1
UBQLN1
UBQLN1
SUFU
BOK
NENF
NOL7
SNX12
SYNRG
DAPP1
SCML1
NDRG2
VPS4A
PCDHB8
PCDHGC3
PCDHA6
SOX13
L1RE1
G3BP2
G3BP2
GABRQ
ARHGAP26
POLI
STUB1
PACSIN2
MAGED2
CDC14A
SNX7
SNX6
DUSP12
STX8
ANGEL1
SSR3
ING4
PSMD13
FAF1
PROCR
PPIE
ABCG2
DIMT1
TIMELESS
COPS3
RABL2B
RABL2B
MINPP1
NOVA2
RPL26L1
WDR3
TTF2
NSFL1C
NSFL1C
C19orf53
FZD1
PLA2G4C
COG5
SLC12A4
BSN
PLAGL2
AP4E1
MACF1
MACF1
MACF1
CEP131
CEP131
SCAF8
PPP6R1
TRIM33
TRIM33
PHF8
PHF8
LIMCH1
LIMCH1
AGAP1
TRIM35
PDZRN3
TNRC6B
TNRC6B
PLCL2
SMG5
ZFR2
SETD1B
ANKRD26
EXOC7
EXOC7
EXOC7
ZC3H4
USP22
USP24
TBC1D2B
SAMD4A
CEP164
FOXJ3
AGTPBP1
SATB2
IGSF9B
SHANK2
DICER1
SLC7A11
MAPRE3
MAPRE3
HPS5
ICK
CORO2B
SHOC2
DNM3
RIMS2
SRRM2
NEU3
MGAT4B
PA2G4
PA2G4
EXO1
CDK11A
SPG7
CTNND2
BAIAP2
BAIAP2
GAB2
CLCA2
SMC3
PPP1R3C
HDAC5
HDAC5
CAMK2A
CHMP2B
SH2B3
SCML2
ZNF148
MTMR6
JAG2
NIP7
DMTF1
GNE
C14orf166
RNF24
ENTPD4
TRAF3IP3
RUVBL2
CDYL
PDE10A
LIPT1
OSGIN2
PIN4
HIGD1A
AKT3
POMP
FAM50B
GINS2
LZTS1
HPSE
RNF6
POLH
PRELID1
CHKB
EIF3L
PLAA
RUVBL1
NUDC
BCS1L
VDAC3
CFL2
ERGIC3
INVS
FARSA
ITM2B
SLC5A6
MRPS33
ASF1A
DRG1
TRAPPC4
NCKAP1
CNPY2
TMEM5
VPS9D1
PKIG
UST
EXOG
TLR6
CA5B
SLC35A3
EXOC6B
AKAP2
SSX2IP
ZNF652
DIP2C
MAN2B2
SLC9A8
ICE1
BTBD3
EFR3B
MYRF
CARD8
ATP11B
ANKRD6
POFUT2
ZFP30
DNAJC16
DLGAP4
STK38L
INPP5F
FNDC3A
ZNF510
MAST1
NISCH
NISCH
NTNG1
NINL
PIKFYVE
WDR37
TBC1D30
RPH3A
EPB41L3
AMOTL2
PADI2
ZBTB1
MYH15
USP20
KDM2A
DIS3
DIS3
TRAPPC8
FRMD4B
ZKSCAN5
LRCH1
FAN1
KLHL20
SLC27A6
SLC27A5
RCL1
ATP8A1
GSTK1
LAMTOR2
MRPS28
COA3
DDX52
POLR1D
POLR1D
CRYL1
TMA7
POLDIP2
AXIN2
AP3M1
GDA
YBX2
MAP3K2
LEMD3
KLHDC2
C15orf41
CARHSP1
COG6
THRAP3
WBP11
MED16
NOP58
GIT1
GIT1
UBE2D4
ZNF281
ARL2BP
POLR3K
PRG3
KLF13
SUGT1
SUGT1
MTO1
YARS2
COQ6
AMDHD2
AMDHD2
ACOT9
ACOT9
AAR2
NOSIP
DERA
MEMO1
TMX2
ZBTB12
LSM2
SIGLEC9
SNX24
IFT52
SH3GLB1
SH3GLB1
NDUFAF1
CAB39
LUC7L2
UBE2J1
RBMX2
DHRS7
ZDHHC9
MRPS2
COQ4
UTP11L
MOB4
RRP7A
SBDS
TMED5
SLMO2
EXOSC1
TMED7
SF3B6
EMC9
MRPL11
REXO2
REXO2
RRP15
CCDC53
NOP16
TPRKB
RNF11
PPIL1
MED31
UFC1
FAM96B
MSRB2
MRPS16
MRPS18C
FIS1
AK6
MRPS23
GOLT1B
BOLA1
PTRH2
CHMP3
STRAP
RTCB
FBXO7
FBXO7
SH3BP1
RAP2C
CBY1
STARD13
ZNF337
RHBDD3
RABGAP1
TMED3
TSC22D4
GRIP1
DOPEY2
WNK2
ZNF330
R3HCC1
NOC2L
RPL36
RWDD3
CCDC9
CHTOP
PYGO1
SAMHD1
FAM32A
C2CD2
PKP3
KNSTRN
HBS1L
HBS1L
ZNF711
DYRK1B
SALL2
PRKAB1
MTF2
WDR45
DMXL1
ATP6V0A2
TLN1
JRKL
TRRAP
NFE2L3
RAD54L2
MTCL1
MTCL1
VPRBP
NRXN3
KDM3A
TCAF1
MFHAS1
RBM19
DAAM1
DAGLA
PLXND1
ZNF451
ZNF451
WDR7
USP15
USP15
FARP1
KIAA0430
KIAA0430
CEP170B
PLEKHM1
TLN2
RAPGEF2
IRS2
GPSM3
MYO5A
MYO5A
MTL5
DTNA
LOXL2
TRAF6
HYOU1
RNF115
ATG4B
TBL2
WIPI2
WIPI2
SPEF1
TELO2
MMACHC
LAS1L
LAS1L
AFG3L2
AMMECR1
UGT2A1
KLF12
ARIH1
LSM5
LSM4
RNF114
SAMM50
TMEM184B
PRRC2C
OARD1
CSDC2
POLR3H
LRRC42
HSPB11
LRP12
PPME1
RIPK3
IPP
ASB1
TRIM17
RBM7
TIMM22
AP4S1
KCTD3
ZSCAN21
NUB1
YTHDF2
CTDP1
PAXBP1
NME7
SUPT16H
ANGPTL3
PCDHB6
PCDHB4
PCDHB3
PCDHB14
PCDHGC4
PCDHGB5
PCDHGB1
PCDHGA7
PCDHGA2
PCDHGA10
PCDHA13
PCDHA11
PCDHAC2
UTP18
HEY1
PHLDA3
TIMM10B
TIMM9
TIMM8B
PCYT1B
UCHL5
UCHL5
CD2AP
ATP6V1D
TNPO3
HILPDA
ENTPD2
TIMM13
SRPRB
ORC6
COL4A3BP
GMPPB
PPP2R3B
MAFB
INSL5
GTF3C5
GTF3C3
HEMK1
DMRT1
TRAPPC1
CDC42BPB
RBM8A
RBM8A
DNAJC15
USP16
USP16
TSSC4
MPC1
IER3IP1
ZNF706
SNX14
SNX13
SNX11
SNX9
SNX8
SNX5
LIPG
FLVCR1
NUBP2
PEX16
BACE2
HEBP2
HCFC2
UBIAD1
CSAD
MRFAP1
PUS1
PUS1
LRRFIP2
LRRFIP2
LRRFIP2
FHOD1
PSAT1
NCOR2
NCOR2
SLC25A15
RAD54B
MYH4
F11R
NPTN
CPQ
SOX21
GPR56
SPIN1
HS3ST3B1
KPTN
ALG5
SNURF
MRPS18B
COPG1
AUP1
FKBP7
ARL5A
GMEB1
GMEB1
SLC22A7
CLIC4
NFS1
POMT1
CFAP20
TACC3
SPCS1
EID1
SAR1B
AP4B1
MTCH2
ARFGEF2
ARFGEF1
MAD1L1
STK24
BZW2
MRVI1
WNT6
COMMD10
DYNC1LI1
CHCHD2
XRCC6BP1
EPN1
EPN1
USP3
WSB1
PXMP4
TEX264
CABIN1
STYXL1
TAF6L
CEPT1
DNMT3A
OAS3
AK5
IKBKG
PRSS21
PRSS21
CSNK1G3
CSNK1G3
CSNK1G3
SLC30A1
SLC4A7
SLC4A7
NDUFB9
COX11
SQRDL
LAMC3
ROBO1
CDH10
USH1C
SESN1
CAPN6
ZFP37
AP1M2
TNFRSF11A
NCOA3
SLC4A4
CCDC61
SCIN
PCLO
DDX49
CAPN7
WASF2
SETBP1
PIAS3
MAU2
ZHX2
MORC2
IVNS1ABP
SEC23IP
COLEC10
ROBO2
FAM73A
PSMD8
COMMD3-BMI1
KIAA0368
RPL36A
DENND4C
DENND4C
SUPT20H
PSMC3
ACIN1
HSPE1-MOB4
ANKRD10
FOCAD
RPS10-NUDT3
SSBP4
FOXK1
UBA2
CSNK1G1
TPI1
TARS2
ASNSD1
TAB2
YLPM1
COG5
ATXN2
ARHGEF2
PSIP1
DUSP12
AKAP8L
HEL-S-109
mkl1
TAP2
ACP6
SLC27A3
MRPL55
C1orf43
CHTOP
PTAR1
SAP18
TCF3
TAGLN2
NFASC
CDC123
ERC1
ERC1
